0,0,0
0,65,137
0,131,18
0,196,155
1,6,36
1,71,173
1,137,54
1,202,191
2,12,72
2,77,209
2,143,90
2,208,227
3,18,108
3,83,245
3,149,126
3,215,7
4,24,144
4,90,25
4,155,162
4,221,43
5,30,180
5,96,61
5,161,198
5,227,79
6,36,216
6,102,97
6,167,234
6,233,115
7,42,252
7,108,133
7,174,14
7,239,151
8,49,32
8,114,169
8,180,50
8,245,187
9,55,68
9,120,205
9,186,86
9,251,223
10,61,104
10,126,241
10,192,122
11,2,3
11,67,140
11,133,21
11,198,158
12,8,39
12,73,176
12,139,57
12,204,194
13,14,75
13,79,212
13,145,93
13,210,230
14,20,111
14,85,248
14,151,129
14,217,10
15,26,147
15,92,28
15,157,165
15,223,46
16,32,183
16,98,64
16,163,201
16,229,82
17,38,219
17,104,100
17,169,237
17,235,118
18,44,255
18,110,136
18,176,17
18,241,154
19,51,35
19,116,172
19,182,53
19,247,190
20,57,71
20,122,208
20,188,89
20,253,226
21,63,107
21,128,244
21,194,125
22,4,6
22,69,143
22,135,24
22,200,161
23,10,42
23,75,179
23,141,60
23,206,197
24,16,78
24,81,215
24,147,96
24,212,233
25,22,114
25,87,251
25,153,132
25,219,13
26,28,150
26,94,31
26,159,168
26,225,49
27,34,186
27,100,67
27,165,204
27,231,85
28,40,222
28,106,103
28,171,240
28,237,121
29,47,2
29,112,139
29,178,20
29,243,157
30,53,38
30,118,175
30,184,56
30,249,193
31,59,74
31,124,211
31,190,92
31,255,229
32,65,110
32,130,247
32,196,128
33,6,9
33,71,146
33,137,27
33,202,164
34,12,45
34,77,182
34,143,63
34,208,200
35,18,81
35,83,218
35,149,99
35,214,236
36,24,117
36,89,254
36,155,135
36,221,16
37,30,153
37,96,34
37,161,171
37,227,52
38,36,189
38,102,70
38,167,207
38,233,88
39,42,225
39,108,106
39,173,243
39,239,124
40,49,5
40,114,142
40,180,23
40,245,160
41,55,41
41,120,178
41,186,59
41,251,196
42,61,77
42,126,214
42,192,95
43,1,232
43,67,113
43,132,250
43,198,131
44,8,12
44,73,149
44,139,30
44,204,167
45,14,48
45,79,185
45,145,66
45,210,203
46,20,84
46,85,221
46,151,102
46,216,239
47,26,120
47,92,1
47,157,138
47,223,19
48,32,156
48,98,37
48,163,174
48,229,55
49,38,192
49,104,73
49,169,210
49,235,91
50,44,228
50,110,109
50,175,246
50,241,127
51,51,8
51,116,145
51,182,26
51,247,163
52,57,44
52,122,181
52,188,62
52,253,199
53,63,80
53,128,217
53,194,98
54,3,235
54,69,116
54,134,253
54,200,134
55,10,15
55,75,152
55,141,33
55,206,170
56,16,51
56,81,188
56,147,69
56,212,206
57,22,87
57,87,224
57,153,105
57,218,242
58,28,123
58,94,4
58,159,141
58,225,22
59,34,159
59,100,40
59,165,177
59,231,58
60,40,195
60,106,76
60,171,213
60,237,94
61,46,231
61,112,112
61,177,249
61,243,130
62,53,11
62,118,148
62,184,29
62,249,166
63,59,47
63,124,184
63,190,65
63,255,202
64,65,83
64,130,220
64,196,101
65,5,238
65,71,119
65,137,0
65,202,137
66,12,18
66,77,155
66,143,36
66,208,173
67,18,54
67,83,191
67,149,72
67,214,209
68,24,90
68,89,227
68,155,108
68,220,245
69,30,126
69,96,7
69,161,144
69,227,25
70,36,162
70,102,43
70,167,180
70,233,61
71,42,198
71,108,79
71,173,216
71,239,97
72,48,234
72,114,115
72,179,252
72,245,133
73,55,14
73,120,151
73,186,32
73,251,169
74,61,50
74,126,187
74,192,68
75,1,205
75,67,86
75,132,223
75,198,104
76,7,241
76,73,122
76,139,3
76,204,140
77,14,21
77,79,158
77,145,39
77,210,176
78,20,57
78,85,194
78,151,75
78,216,212
79,26,93
79,91,230
79,157,111
79,222,248
80,32,129
80,98,10
80,163,147
80,229,28
81,38,165
81,104,46
81,169,183
81,235,64
82,44,201
82,110,82
82,175,219
82,241,100
83,50,237
83,116,118
83,181,255
83,247,136
84,57,17
84,122,154
84,188,35
84,253,172
85,63,53
85,128,190
85,194,71
86,3,208
86,69,89
86,134,226
86,200,107
87,9,244
87,75,125
87,141,6
87,206,143
88,16,24
88,81,161
88,147,42
88,212,179
89,22,60
89,87,197
89,153,78
89,218,215
90,28,96
90,93,233
90,159,114
90,224,251
91,34,132
91,100,13
91,165,150
91,231,31
92,40,168
92,106,49
92,171,186
92,237,67
93,46,204
93,112,85
93,177,222
93,243,103
94,52,240
94,118,121
94,184,2
94,249,139
95,59,20
95,124,157
95,190,38
95,255,175
96,65,56
96,130,193
96,196,74
97,5,211
97,71,92
97,136,229
97,202,110
98,11,247
98,77,128
98,143,9
98,208,146
99,18,27
99,83,164
99,149,45
99,214,182
100,24,63
100,89,200
100,155,81
100,220,218
101,30,99
101,95,236
101,161,117
101,226,254
102,36,135
102,102,16
102,167,153
102,233,34
103,42,171
103,108,52
103,173,189
103,239,70
104,48,207
104,114,88
104,179,225
104,245,106
105,54,243
105,120,124
105,186,5
105,251,142
106,61,23
106,126,160
106,192,41
107,1,178
107,67,59
107,132,196
107,198,77
108,7,214
108,73,95
108,138,232
108,204,113
109,13,250
109,79,131
109,145,12
109,210,149
110,20,30
110,85,167
110,151,48
110,216,185
111,26,66
111,91,203
111,157,84
111,222,221
112,32,102
112,97,239
112,163,120
112,229,1
113,38,138
113,104,19
113,169,156
113,235,37
114,44,174
114,110,55
114,175,192
114,241,73
115,50,210
115,116,91
115,181,228
115,247,109
116,56,246
116,122,127
116,188,8
116,253,145
117,63,26
117,128,163
117,194,44
118,3,181
118,69,62
118,134,199
118,200,80
119,9,217
119,75,98
119,140,235
119,206,116
120,15,253
120,81,134
120,147,15
120,212,152
121,22,33
121,87,170
121,153,51
121,218,188
122,28,69
122,93,206
122,159,87
122,224,224
123,34,105
123,99,242
123,165,123
123,231,4
124,40,141
124,106,22
124,171,159
124,237,40
125,46,177
125,112,58
125,177,195
125,243,76
126,52,213
126,118,94
126,183,231
126,249,112
127,58,249
127,124,130
127,190,11
127,255,148
128,65,29
128,130,166
128,196,47
129,5,184
129,71,65
129,136,202
129,202,83
130,11,220
130,77,101
130,142,238
130,208,119
131,18,0
131,83,137
131,149,18
131,214,155
132,24,36
132,89,173
132,155,54
132,220,191
133,30,72
133,95,209
133,161,90
133,226,227
134,36,108
134,101,245
134,167,126
134,233,7
135,42,144
135,108,25
135,173,162
135,239,43
136,48,180
136,114,61
136,179,198
136,245,79
137,54,216
137,120,97
137,185,234
137,251,115
138,60,252
138,126,133
138,192,14
139,1,151
139,67,32
139,132,169
139,198,50
140,7,187
140,73,68
140,138,205
140,204,86
141,13,223
141,79,104
141,144,241
141,210,122
142,20,3
142,85,140
142,151,21
142,216,158
143,26,39
143,91,176
143,157,57
143,222,194
144,32,75
144,97,212
144,163,93
144,228,230
145,38,111
145,103,248
145,169,129
145,235,10
146,44,147
146,110,28
146,175,165
146,241,46
147,50,183
147,116,64
147,181,201
147,247,82
148,56,219
148,122,100
148,187,237
148,253,118
149,62,255
149,128,136
149,194,17
150,3,154
150,69,35
150,134,172
150,200,53
151,9,190
151,75,71
151,140,208
151,206,89
152,15,226
152,81,107
152,146,244
152,212,125
153,22,6
153,87,143
153,153,24
153,218,161
154,28,42
154,93,179
154,159,60
154,224,197
155,34,78
155,99,215
155,165,96
155,230,233
156,40,114
156,105,251
156,171,132
156,237,13
157,46,150
157,112,31
157,177,168
157,243,49
158,52,186
158,118,67
158,183,204
158,249,85
159,58,222
159,124,103
159,189,240
159,255,121
160,65,2
160,130,139
160,196,20
161,5,157
161,71,38
161,136,175
161,202,56
162,11,193
162,77,74
162,142,211
162,208,92
163,17,229
163,83,110
163,148,247
163,214,128
164,24,9
164,89,146
164,155,27
164,220,164
165,30,45
165,95,182
165,161,63
165,226,200
166,36,81
166,101,218
166,167,99
166,232,236
167,42,117
167,107,254
167,173,135
167,239,16
168,48,153
168,114,34
168,179,171
168,245,52
169,54,189
169,120,70
169,185,207
169,251,88
170,60,225
170,126,106
170,191,243
171,1,124
171,67,5
171,132,142
171,198,23
172,7,160
172,73,41
172,138,178
172,204,59
173,13,196
173,79,77
173,144,214
173,210,95
174,19,232
174,85,113
174,150,250
174,216,131
175,26,12
175,91,149
175,157,30
175,222,167
176,32,48
176,97,185
176,163,66
176,228,203
177,38,84
177,103,221
177,169,102
177,234,239
178,44,120
178,110,1
178,175,138
178,241,19
179,50,156
179,116,37
179,181,174
179,247,55
180,56,192
180,122,73
180,187,210
180,253,91
181,62,228
181,128,109
181,193,246
182,3,127
182,69,8
182,134,145
182,200,26
183,9,163
183,75,44
183,140,181
183,206,62
184,15,199
184,81,80
184,146,217
184,212,98
185,21,235
185,87,116
185,152,253
185,218,134
186,28,15
186,93,152
186,159,33
186,224,170
187,34,51
187,99,188
187,165,69
187,230,206
188,40,87
188,105,224
188,171,105
188,236,242
189,46,123
189,112,4
189,177,141
189,243,22
190,52,159
190,118,40
190,183,177
190,249,58
191,58,195
191,124,76
191,189,213
191,255,94
192,64,231
192,130,112
192,195,249
193,5,130
193,71,11
193,136,148
193,202,29
194,11,166
194,77,47
194,142,184
194,208,65
195,17,202
195,83,83
195,148,220
195,214,101
196,23,238
196,89,119
196,155,0
196,220,137
197,30,18
197,95,155
197,161,36
197,226,173
198,36,54
198,101,191
198,167,72
198,232,209
199,42,90
199,107,227
199,173,108
199,238,245
200,48,126
200,114,7
200,179,144
200,245,25
201,54,162
201,120,43
201,185,180
201,251,61
202,60,198
202,126,79
202,191,216
203,1,97
203,66,234
203,132,115
203,197,252
204,7,133
204,73,14
204,138,151
204,204,32
205,13,169
205,79,50
205,144,187
205,210,68
206,19,205
206,85,86
206,150,223
206,216,104
207,25,241
207,91,122
207,157,3
207,222,140
208,32,21
208,97,158
208,163,39
208,228,176
209,38,57
209,103,194
209,169,75
209,234,212
210,44,93
210,109,230
210,175,111
210,240,248
211,50,129
211,116,10
211,181,147
211,247,28
212,56,165
212,122,46
212,187,183
212,253,64
213,62,201
213,128,82
213,193,219
214,3,100
214,68,237
214,134,118
214,199,255
215,9,136
215,75,17
215,140,154
215,206,35
216,15,172
216,81,53
216,146,190
216,212,71
217,21,208
217,87,89
217,152,226
217,218,107
218,27,244
218,93,125
218,159,6
218,224,143
219,34,24
219,99,161
219,165,42
219,230,179
220,40,60
220,105,197
220,171,78
220,236,215
221,46,96
221,111,233
221,177,114
221,242,251
222,52,132
222,118,13
222,183,150
222,249,31
223,58,168
223,124,49
223,189,186
223,255,67
224,64,204
224,130,85
224,195,222
225,5,103
225,70,240
225,136,121
225,202,2
226,11,139
226,77,20
226,142,157
226,208,38
227,17,175
227,83,56
227,148,193
227,214,74
228,23,211
228,89,92
228,154,229
228,220,110
229,29,247
229,95,128
229,161,9
229,226,146
230,36,27
230,101,164
230,167,45
230,232,182
231,42,63
231,107,200
231,173,81
231,238,218
232,48,99
232,113,236
232,179,117
232,244,254
233,54,135
233,120,16
233,185,153
233,251,34
234,60,171
234,126,52
234,191,189
235,1,70
235,66,207
235,132,88
235,197,225
236,7,106
236,72,243
236,138,124
236,204,5
237,13,142
237,79,23
237,144,160
237,210,41
238,19,178
238,85,59
238,150,196
238,216,77
239,25,214
239,91,95
239,156,232
239,222,113
240,31,250
240,97,131
240,163,12
240,228,149
241,38,30
241,103,167
241,169,48
241,234,185
242,44,66
242,109,203
242,175,84
242,240,221
243,50,102
243,115,239
243,181,120
243,247,1
244,56,138
244,122,19
244,187,156
244,253,37
245,62,174
245,128,55
245,193,192
246,3,73
246,68,210
246,134,91
246,199,228
247,9,109
247,74,246
247,140,127
247,206,8
248,15,145
248,81,26
248,146,163
248,212,44
249,21,181
249,87,62
249,152,199
249,218,80
250,27,217
250,93,98
250,158,235
250,224,116
251,33,253
251,99,134
251,165,15
251,230,152
252,40,33
252,105,170
252,171,51
252,236,188
253,46,69
253,111,206
253,177,87
253,242,224
254,52,105
254,117,242
254,183,123
254,249,4
255,58,141
255,124,22
255,189,159
