13,57,71
29,63,228
136,21,208
166,174,35
238,30,4
60,59,16
75,98,12
176,144,194
112,180,218
255,88,34
127,51,125
0,211,221
130,121,75
110,145,61
85,57,120
194,50,147
73,162,43
130,156,51
75,205,184
183,21,129
21,52,25
50,73,166
60,49,10
122,68,36
111,73,111
113,142,175
199,21,87
71,138,51
143,116,253
240,22,65
142,122,96
24,79,167
203,186,164
10,160,231
224,134,232
55,150,85
145,120,177
247,163,153
250,153,103
203,122,95
193,234,96
24,7,50
39,219,203
43,253,25
250,174,225
65,133,99
26,239,19
18,46,122
234,185,109
101,84,157
29,98,167
37,231,61
9,217,133
151,185,55
5,92,34
19,1,211
109,150,100
45,206,198
81,77,130
32,173,107
199,243,253
246,223,155
25,188,215
197,132,230
85,35,123
71,7,217
33,173,126
90,1,249
108,6,111
52,146,227
28,177,84
52,76,39
64,66,156
220,77,89
11,252,61
155,235,212
56,116,100
89,65,205
117,120,73
174,158,75
223,183,67
56,220,159
94,140,3
155,18,241
236,109,2
222,7,57
11,214,78
242,165,253
91,71,250
231,214,41
193,136,68
0,18,42
198,130,106
19,94,135
165,51,78
127,35,76
133,146,10
81,77,149
138,5,3
234,220,6
89,76,185
44,186,6
252,91,169
171,4,103
96,118,77
76,66,144
111,64,211
187,125,191
200,142,134
223,34,225
88,181,148
16,134,62
199,171,121
119,160,105
175,62,194
110,96,53
25,73,210
90,182,248
155,193,252
169,153,34
243,23,100
82,117,82
1,106,254
54,6,65
44,34,73
77,162,19
198,6,37
152,142,174
123,76,59
75,166,70
240,114,123
204,94,143
27,34,99
187,28,145
122,129,165
53,187,248
53,21,160
99,2,128
143,83,211
143,17,6
76,39,238
248,189,157
13,60,98
24,38,193
62,34,10
127,97,170
243,182,80
14,14,243
109,208,67
158,229,53
140,245,7
254,32,190
154,192,15
102,112,191
186,167,118
120,123,77
19,22,85
95,189,172
154,60,227
35,101,185
246,103,55
107,200,91
171,198,144
125,109,67
246,158,241
65,198,205
223,113,99
188,192,28
198,251,45
69,128,78
149,188,168
66,81,66
4,129,38
20,125,135
202,204,160
55,209,68
215,174,216
20,10,132
90,130,136
0,79,62
179,52,231
131,25,114
94,167,211
71,130,118
166,55,153
90,149,163
4,185,158
185,107,148
120,172,202
1,187,98
170,244,116
90,24,168
233,171,52
160,95,172
90,93,88
57,82,172
170,68,166
142,78,232
143,183,240
102,99,75
140,143,43
188,107,6
163,154,89
62,36,125
226,135,100
237,7,244
200,207,31
114,153,88
93,88,12
73,177,209
100,179,107
95,177,141
44,65,21
251,20,162
199,59,140
185,97,47
237,81,15
199,191,245
172,130,251
244,232,225
144,111,134
32,143,155
99,243,135
68,165,119
165,157,147
170,168,198
42,4,100
88,206,9
12,127,138
46,251,126
253,160,151
187,181,10
230,227,182
193,50,230
148,18,42
22,217,203
194,162,43
50,68,189
148,127,98
118,241,184
213,213,82
252,179,109
151,111,45
71,253,157
55,37,173
111,16,5
126,176,23
169,194,102
230,201,231
15,165,235
198,120,159
58,54,123
228,237,54
20,216,127
84,165,163
169,157,92
221,128,161
95,12,214
131,87,241
65,23,93
198,115,186
227,40,171
234,155,152
76,69,53
230,6,192
220,45,195
165,85,39
205,245,13
53,49,202
248,89,158
136,15,160
227,2,152
43,201,213
117,148,223
144,217,13
103,43,28
147,255,166
197,13,61
156,88,216
225,71,219
31,180,193
105,237,80
13,120,106
255,132,60
7,85,239
75,197,247
220,119,255
205,233,49
233,64,83
149,150,188
121,49,98
58,103,30
108,254,146
164,121,160
60,75,8
250,145,134
255,45,147
136,73,146
215,203,198
194,217,253
57,86,244
8,82,230
203,208,224
122,187,122
194,175,154
189,227,170
10,185,151
183,37,74
2,147,172
241,188,177
163,113,212
251,119,190
227,138,53
234,152,161
228,15,113
96,248,177
3,127,190
196,39,25
72,215,78
92,95,11
8,185,203
81,89,50
231,152,14
10,234,21
220,24,121
37,67,62
114,222,72
188,65,144
189,239,137
12,58,3
44,7,218
21,89,211
160,154,241
181,229,114
39,82,64
13,183,109
110,36,48
238,119,80
70,249,43
183,177,142
88,235,115
109,165,225
113,205,167
55,95,205
183,115,24
23,104,169
110,151,213
210,145,31
28,20,110
140,33,59
252,239,232
45,18,8
130,185,85
94,233,79
24,50,197
139,104,20
139,84,107
209,67,129
48,178,206
44,64,237
226,98,104
166,216,219
90,169,181
38,4,229
208,78,4
238,155,5
220,215,100
153,186,5
107,45,97
45,237,226
16,172,244
54,176,67
222,140,160
255,197,85
184,156,21
141,40,105
163,182,27
42,221,34
113,214,183
132,228,112
139,108,241
222,90,129
59,152,2
0,170,222
173,227,218
35,233,187
254,152,240
80,105,65
147,20,244
210,143,166
55,98,140
11,88,253
206,174,103
62,221,92
208,230,34
142,233,216
162,221,172
58,67,210
61,11,71
246,182,142
123,171,197
183,189,184
168,6,29
208,31,250
48,31,14
81,162,28
219,237,237
39,100,41
97,152,137
170,120,160
117,247,155
240,41,124
214,166,182
37,229,214
130,7,179
136,164,203
69,253,19
235,113,216
193,58,118
232,243,233
82,49,38
235,241,89
128,206,164
190,56,107
50,184,251
39,252,148
165,172,13
57,156,197
86,109,220
138,140,170
57,181,24
226,71,173
88,202,52
227,28,119
198,203,98
178,175,236
182,1,227
66,200,212
17,28,134
141,139,117
104,136,126
63,187,194
67,220,187
158,154,27
68,53,6
109,94,45
19,223,26
105,27,207
142,134,17
170,214,5
239,162,217
201,201,198
55,225,29
160,54,211
209,79,120
234,248,120
199,91,241
8,223,231
219,55,25
231,218,143
152,168,78
202,151,196
239,83,181
219,182,244
218,203,136
185,122,178
171,28,14
254,44,220
62,69,199
95,64,248
3,228,79
255,240,87
138,47,104
111,79,200
141,119,140
63,176,218
220,123,67
110,106,142
138,61,139
0,53,28
20,151,182
13,10,124
116,205,165
238,74,14
103,15,63
53,155,87
79,17,224
197,92,2
79,96,58
112,99,89
118,206,1
68,81,27
152,148,22
10,144,233
133,17,100
113,228,139
34,70,69
91,113,21
139,63,114
206,102,24
157,87,69
158,198,175
247,186,241
152,204,44
161,166,234
34,117,97
16,124,249
228,194,166
98,99,255
242,206,223
25,98,241
16,56,152
73,58,157
33,46,90
153,160,57
52,241,54
213,94,145
11,156,158
40,177,42
82,186,54
13,103,58
18,188,18
250,143,152
215,228,113
6,224,192
165,207,150
36,109,112
124,75,114
44,52,31
120,159,228
39,168,121
49,112,93
77,99,31
68,52,165
183,27,44
147,187,242
15,252,230
135,174,180
90,237,213
23,182,103
121,187,150
19,99,211
151,86,64
114,142,68
181,245,224
53,40,200
24,140,201
72,163,47
105,84,85
29,67,114
26,79,124
43,68,99
1,25,121
10,174,187
187,205,199
9,119,10
246,157,152
58,54,175
37,54,164
28,216,136
117,186,154
232,130,86
184,25,160
228,232,111
177,55,58
148,120,136
166,29,18
98,80,244
66,220,222
197,254,48
144,207,45
116,54,164
161,58,235
189,49,243
153,96,107
25,149,96
184,205,170
35,91,128
178,12,234
200,173,208
127,23,246
129,12,126
222,18,59
142,20,71
84,121,99
63,162,75
252,136,214
146,17,12
142,232,131
179,144,236
96,74,117
117,248,162
151,244,43
153,64,245
40,118,12
27,193,148
159,123,79
63,145,55
114,171,90
230,0,151
219,70,46
50,202,26
133,211,238
216,102,121
224,99,160
201,213,77
238,133,79
81,1,18
164,93,199
230,16,195
158,85,11
243,127,46
164,226,242
151,77,212
219,185,245
229,107,25
84,173,81
119,68,237
103,128,103
33,106,39
13,211,234
42,234,130
211,47,145
53,254,75
42,127,140
42,110,53
187,26,129
29,48,199
107,190,152
109,225,118
244,47,65
111,176,87
214,127,187
120,34,3
34,190,160
110,237,54
69,160,169
26,125,224
219,200,25
75,37,79
182,230,35
0,199,75
47,250,70
3,207,84
26,1,175
140,20,35
215,239,66
173,40,166
139,92,35
137,4,175
58,199,40
148,62,66
47,83,173
107,96,144
29,158,85
228,61,156
178,28,69
231,45,244
127,229,182
102,251,218
122,156,200
249,143,216
216,70,50
13,22,103
126,54,231
244,211,15
191,81,74
253,201,109
94,241,22
188,109,241
175,209,158
190,143,63
240,143,187
149,42,77
173,215,16
74,98,234
128,105,51
202,99,72
187,116,90
221,227,61
200,138,105
73,225,165
52,6,54
241,218,86
45,235,99
181,164,184
65,97,225
189,166,162
138,121,235
193,245,180
154,0,117
146,91,237
177,117,50
47,84,91
67,213,142
126,167,61
225,223,173
200,146,81
188,229,109
7,199,179
201,35,62
55,67,98
89,5,186
26,40,204
162,242,39
107,32,73
163,161,61
229,31,156
89,202,40
130,99,118
43,101,137
198,152,5
103,127,211
13,225,195
148,8,85
77,43,135
177,162,39
40,31,59
254,104,187
115,226,200
224,94,216
15,165,172
185,85,231
16,40,71
104,95,238
113,56,244
38,222,162
125,140,178
32,68,62
193,182,192
197,172,197
206,154,148
196,117,56
236,71,222
220,217,117
25,155,8
201,106,39
17,179,216
91,84,138
127,251,58
204,204,134
143,3,26
175,20,1
229,212,160
172,48,146
255,41,249
28,33,126
74,69,24
228,25,116
50,247,191
4,206,162
178,17,245
142,194,33
105,177,134
118,216,33
22,59,46
44,199,207
247,9,112
105,213,76
201,103,82
91,10,148
104,118,191
167,133,139
192,200,88
153,144,119
211,159,187
103,134,171
88,60,144
144,34,216
4,41,150
161,165,246
73,111,234
42,184,197
195,136,24
112,135,165
109,209,41
130,108,193
216,215,249
144,101,42
218,60,30
9,123,4
84,125,61
248,193,41
153,28,94
3,115,136
35,225,119
109,116,184
158,96,248
51,121,193
4,152,17
17,51,203
40,159,8
157,36,219
108,166,18
92,34,119
118,23,208
250,221,115
197,107,74
99,185,196
186,54,183
5,28,229
101,0,223
35,174,236
148,235,164
106,246,218
8,253,32
70,52,58
46,164,133
199,211,27
101,198,255
57,163,125
211,79,79
184,42,101
5,240,229
137,29,56
157,88,101
179,51,245
120,58,227
160,205,22
154,174,102
223,220,25
31,191,201
96,222,134
133,171,249
163,28,141
20,206,59
102,162,254
44,200,173
24,156,192
120,53,15
140,192,204
227,45,151
240,194,143
51,208,43
174,127,187
107,224,238
179,64,23
42,244,70
221,28,179
218,180,175
1,243,244
6,172,88
236,146,37
236,253,131
64,179,97
38,16,211
33,53,236
60,232,240
44,177,182
214,187,183
79,111,124
233,230,152
222,154,133
106,181,8
58,75,120
124,154,65
155,170,6
81,100,193
44,231,167
133,203,27
191,27,39
73,188,194
189,99,97
105,251,240
207,188,0
249,127,66
106,228,153
24,142,158
170,6,88
75,56,163
42,32,233
102,184,92
221,87,233
152,173,242
112,147,209
43,150,38
251,138,74
222,249,3
217,118,163
100,52,52
247,4,141
158,15,230
189,76,79
165,87,27
166,79,167
207,62,246
74,237,49
43,222,223
54,121,52
157,90,72
107,190,200
21,140,136
238,79,231
49,104,187
215,37,252
76,6,222
17,103,176
199,233,174
198,4,11
99,165,247
204,189,123
235,87,2
226,157,168
188,10,1
11,12,201
137,249,25
158,32,19
165,213,23
70,55,135
165,84,20
9,168,162
104,14,220
224,217,141
13,224,42
1,188,158
211,60,226
33,208,131
200,243,247
35,239,95
186,18,184
49,209,209
33,67,50
121,11,48
115,157,164
86,249,119
121,117,252
106,188,141
80,72,122
229,3,146
131,71,62
255,168,171
141,239,111
57,174,143
245,230,197
119,4,158
158,50,250
143,144,85
89,94,124
148,224,47
111,114,65
153,164,3
132,26,247
184,114,111
149,208,36
249,72,41
61,237,83
164,116,230
16,164,124
89,71,205
136,88,172
17,141,217
68,19,145
114,45,147
174,128,40
91,180,13
235,186,165
55,98,82
77,130,241
100,80,101
12,244,156
173,251,160
254,120,103
231,30,163
181,233,25
115,122,55
95,119,1
155,66,31
22,122,122
165,14,101
76,110,250
26,201,113
224,86,224
83,105,135
55,237,148
119,84,134
69,83,32
62,120,96
212,39,178
163,61,10
197,184,227
110,35,44
159,101,126
89,199,174
213,51,140
183,226,72
191,242,166
10,173,45
28,173,215
189,220,201
28,63,78
141,238,44
1,13,88
215,134,206
155,129,16
226,133,193
126,69,145
181,21,201
116,15,87
137,81,141
6,202,221
113,174,37
184,38,20
86,50,245
186,189,105
188,121,100
165,205,150
250,13,114
136,155,90
104,240,95
100,50,138
79,192,18
213,122,11
174,1,131
33,207,241
252,32,160
123,230,2
253,33,253
136,82,225
55,228,17
92,27,27
97,99,242
243,40,174
85,118,39
10,8,147
165,175,83
216,251,73
207,247,149
177,64,222
121,180,243
9,249,173
138,120,139
180,129,57
115,251,142
229,211,233
157,112,51
197,166,154
236,96,93
190,109,164
122,23,205
24,246,133
178,118,165
109,189,249
178,71,248
147,248,209
238,95,190
10,130,60
35,244,221
85,251,45
48,138,136
200,234,73
4,146,132
120,105,138
125,154,193
87,144,45
211,99,186
23,136,132
182,88,38
158,53,42
46,178,104
175,89,199
35,196,178
88,16,248
73,255,165
120,51,211
94,198,40
83,76,85
81,155,96
38,214,113
159,65,191
64,149,9
116,48,171
190,48,231
98,170,200
65,64,164
53,31,22
192,240,3
113,154,40
106,99,23
26,100,47
181,224,101
61,254,16
177,70,70
126,180,64
154,167,118
176,31,195
61,145,188
222,184,205
56,192,203
22,178,107
237,58,51
174,189,113
233,109,149
85,203,30
54,187,142
0,98,193
19,27,171
26,206,68
52,88,200
114,18,191
207,236,178
235,103,37
208,249,91
22,7,49
3,100,22
147,70,120
44,253,236
216,28,41
113,222,184
91,91,215
23,131,85
91,230,31
205,160,104
22,106,53
199,24,248
225,125,134
101,36,121
115,99,71
184,25,169
206,178,88
62,130,97
198,2,25
235,170,82
248,212,173
166,255,91
169,213,243
247,68,199
34,12,112
52,184,243
39,198,84
220,255,179
165,4,124
118,178,209
245,89,153
92,4,47
106,67,243
254,161,42
192,88,118
178,56,171
138,52,145
179,30,193
145,84,55
200,187,110
67,223,240
220,138,121
135,206,243
162,176,129
172,105,109
92,177,55
166,243,127
243,0,95
138,92,65
51,107,66
210,103,119
121,156,136
42,226,114
27,112,45
179,152,142
142,251,10
165,223,164
174,5,82
254,254,197
49,44,231
117,125,75
117,23,224
95,65,47
1,17,132
230,194,79
243,206,213
72,66,176
181,95,202
91,61,40
93,39,58
44,124,84
32,182,205
173,168,106
78,200,92
252,255,64
41,158,203
163,96,222
36,10,203
169,163,48
139,98,1
25,38,230
136,229,208
118,21,13
75,153,97
138,221,70
215,183,101
130,104,78
245,79,76
82,231,64
211,86,255
139,162,212
121,5,106
239,167,71
110,231,37
80,47,146
143,198,222
152,185,90
164,53,141
255,144,91
207,228,236
164,16,100
93,94,110
28,159,34
70,230,223
208,144,20
17,42,78
125,204,77
118,9,167
98,233,115
199,3,88
110,58,172
183,33,184
238,171,50
241,183,25
208,210,99
27,80,27
251,166,226
233,215,108
62,20,98
227,162,219
50,163,128
88,164,34
111,119,74
146,140,185
218,164,231
191,52,235
106,32,239
92,145,112
194,92,5
237,26,129
202,230,64
103,1,72
28,201,163
50,47,197
175,146,142
148,134,98
163,244,171
244,3,216
89,142,200
127,245,41
237,84,138
77,212,178
213,250,115
213,95,157
178,54,170
136,252,136
150,142,38
15,1,19
151,61,129
197,158,152
155,7,26
63,31,37
174,5,0
46,103,12
17,50,130
64,34,17
157,236,54
60,213,207
128,147,197
101,16,211
198,188,216
199,34,19
183,117,15
42,175,128
61,7,131
56,17,244
191,21,85
219,169,111
63,234,231
9,35,0
183,139,71
19,54,158
27,56,94
94,99,82
192,74,189
145,211,234
126,216,63
197,176,87
26,188,217
191,226,60
181,222,3
102,122,133
194,98,228
64,184,137
125,50,176
251,140,1
115,136,49
239,102,171
83,70,74
27,131,224
233,85,47
18,206,77
120,46,14
27,48,142
121,207,34
24,222,26
33,102,185
155,116,221
162,217,102
48,121,200
242,49,116
70,160,249
180,189,254
99,248,29
214,114,30
213,136,118
85,72,173
100,128,106
179,158,182
172,7,183
90,86,45
155,221,55
215,139,180
207,235,70
32,253,107
245,226,159
19,41,160
158,60,239
139,35,16
99,17,221
91,87,244
245,55,237
85,81,140
13,188,163
102,95,84
45,206,86
236,16,79
186,193,230
29,253,166
24,125,107
120,113,92
113,8,139
175,18,240
66,103,69
125,60,158
20,12,78
18,253,102
244,93,162
125,99,70
83,151,96
83,52,255
42,157,231
140,130,121
35,255,119
201,50,165
104,145,178
183,219,43
166,203,130
124,88,94
252,125,156
133,203,252
75,148,245
89,103,31
177,144,104
20,165,214
150,126,74
124,96,204
255,144,183
96,14,49
143,225,81
124,172,213
233,199,6
63,157,28
147,226,248
50,42,9
170,157,92
18,231,229
113,239,199
112,1,26
20,150,201
165,33,154
204,56,31
96,208,240
31,167,142
166,219,110
0,29,32
22,108,208
122,237,41
11,190,189
52,180,40
122,24,12
84,63,230
67,219,67
11,83,207
250,177,187
247,113,79
0,95,222
159,45,163
70,4,168
69,5,90
79,103,109
3,96,115
232,103,39
136,75,249
190,170,51
82,236,208
135,187,237
192,58,174
137,62,92
16,80,58
39,77,156
28,98,121
160,10,200
149,127,62
248,227,141
221,172,54
229,121,145
79,13,176
56,49,211
144,200,245
221,65,170
199,180,230
31,166,218
193,230,198
166,101,187
147,53,124
26,181,16
2,97,175
175,25,22
249,196,63
82,216,100
23,180,136
92,248,67
48,159,20
28,27,123
103,131,158
59,116,70
254,8,125
109,206,93
237,98,123
177,49,145
161,145,134
145,51,136
35,200,102
3,202,164
255,155,41
87,218,107
119,52,205
99,211,175
42,206,57
239,201,225
172,100,15
48,221,52
248,141,1
181,13,2
157,178,136
186,58,217
28,244,189
43,229,150
89,66,219
203,91,184
43,11,44
131,123,99
69,27,227
76,244,152
209,160,100
138,222,250
50,196,228
171,103,249
243,233,181
84,90,4
238,166,163
116,236,43
244,164,88
45,229,99
146,94,94
130,160,196
248,52,17
26,123,232
204,125,241
35,132,50
105,46,131
136,206,97
192,190,112
63,252,152
78,221,108
254,217,134
143,134,6
36,213,159
52,4,226
175,163,125
234,227,1
98,113,253
253,146,108
162,227,55
122,249,240
220,7,53
187,134,204
184,137,249
16,106,191
201,187,54
122,113,70
132,37,198
100,203,114
168,6,107
207,176,125
60,84,62
181,57,88
251,229,76
238,66,79
124,239,240
104,58,28
10,224,55
248,252,46
212,24,80
183,71,94
220,21,235
222,175,175
180,253,141
209,55,157
200,241,138
60,60,210
86,122,77
231,35,11
180,223,98
253,73,145
144,109,170
132,71,115
39,134,192
122,99,243
58,65,3
166,134,60
177,185,208
3,148,114
157,113,159
26,192,114
192,86,101
171,77,20
85,251,31
77,68,90
149,180,52
125,93,82
214,118,213
32,57,166
20,252,185
78,12,203
71,90,40
193,214,25
169,230,142
80,69,120
91,201,79
251,123,124
210,226,172
0,68,69
7,138,71
37,21,137
87,26,143
20,205,180
94,225,50
2,224,1
103,183,172
144,152,253
198,37,236
137,116,237
199,95,45
115,198,250
136,204,167
121,205,176
49,177,130
127,238,68
124,110,182
133,59,83
26,116,66
132,3,24
29,28,104
29,107,146
138,8,73
19,118,193
52,166,47
188,243,197
190,174,234
147,219,133
63,122,74
249,196,164
174,4,142
81,238,91
174,57,51
123,231,31
255,57,112
186,169,42
239,231,63
137,86,251
134,130,216
233,176,199
169,244,200
153,231,235
237,54,223
123,63,29
101,28,224
3,163,143
44,232,201
3,197,9
121,113,244
254,165,111
31,192,52
230,87,111
236,243,218
80,52,105
218,155,67
45,192,230
228,46,45
107,5,90
139,176,57
156,128,181
70,94,60
158,219,82
5,116,3
94,129,245
19,67,35
161,117,184
230,244,28
183,84,22
2,209,197
108,99,73
220,49,98
252,57,68
150,106,67
37,220,137
37,110,19
26,126,133
90,153,204
62,124,242
120,154,213
46,36,165
221,4,54
251,43,189
190,103,222
127,139,46
170,13,181
38,16,200
34,169,185
139,221,227
209,213,88
146,157,184
180,109,243
9,1,30
15,192,52
29,105,73
78,247,18
173,29,49
145,166,72
97,139,48
179,168,82
166,63,244
203,131,19
237,170,112
55,35,153
216,179,178
242,148,208
97,40,93
82,119,235
206,82,47
80,136,18
202,130,105
234,68,223
169,53,60
171,188,228
7,94,246
46,142,76
185,241,161
84,130,201
108,66,12
70,77,103
254,103,244
58,134,113
76,47,156
154,150,121
166,208,204
111,247,102
112,29,139
177,160,15
123,42,227
250,37,229
135,123,35
125,27,8
26,146,12
197,2,130
172,149,112
83,228,29
190,39,132
95,147,123
59,91,237
149,174,129
1,153,247
150,199,249
137,42,92
126,72,219
85,45,110
129,214,181
124,192,237
254,178,31
111,185,143
121,218,49
59,205,10
244,41,41
36,115,249
227,80,39
204,41,8
149,14,167
214,179,193
217,128,115
2,227,244
171,242,149
38,152,105
190,210,131
47,148,243
147,12,125
3,10,164
156,164,74
221,213,159
131,38,235
227,86,206
40,226,195
177,38,85
95,25,71
103,39,199
135,47,254
241,140,29
236,133,198
48,54,219
235,123,103
83,211,196
132,199,136
69,172,251
222,240,236
230,128,38
193,212,66
30,40,167
215,56,37
92,196,37
209,255,220
60,195,184
33,33,184
222,70,238
134,152,212
35,178,18
145,89,32
96,254,162
245,199,83
46,105,243
115,116,17
19,176,5
186,71,92
205,28,156
185,253,139
23,248,203
213,203,224
246,247,99
28,2,158
211,9,163
71,42,161
152,214,216
96,209,200
71,130,238
50,168,72
31,246,88
63,22,41
231,212,209
224,105,21
73,67,182
108,12,21
204,112,26
24,92,155
135,130,12
203,29,45
238,66,93
181,71,127
210,19,120
159,167,138
74,34,202
161,142,152
74,88,86
252,34,252
213,182,50
63,150,6
218,33,71
221,76,145
31,36,4
121,122,187
50,50,153
220,200,36
7,33,86
111,173,110
1,106,65
66,115,121
52,221,85
52,178,85
219,173,174
152,39,179
89,196,114
45,249,60
5,119,110
114,166,174
155,206,100
238,123,206
73,241,100
202,37,83
71,158,117
2,127,93
78,172,76
154,89,208
127,16,86
111,6,68
216,144,112
48,165,209
50,137,115
162,98,103
232,31,111
80,62,175
133,66,134
115,172,245
90,252,130
190,116,231
227,132,169
162,130,161
212,38,31
237,44,79
254,130,8
105,90,123
120,88,137
153,156,110
212,59,100
180,183,110
40,96,25
175,72,236
210,180,82
252,96,141
93,125,118
119,255,60
68,72,224
202,98,192
139,141,191
169,121,221
234,17,175
174,242,208
196,253,226
140,57,51
203,216,224
236,136,156
203,1,170
199,57,126
232,188,198
2,140,109
59,115,83
143,27,18
151,204,221
213,108,183
37,161,71
112,174,125
120,149,187
110,63,96
94,165,115
63,200,133
183,71,2
197,176,104
183,251,2
182,66,226
132,165,195
18,236,6
245,41,244
137,185,192
163,94,207
10,37,135
170,150,22
109,27,78
233,134,28
216,95,151
220,251,232
59,168,251
7,238,55
76,89,122
70,57,133
41,105,82
249,235,129
122,68,149
28,134,27
116,109,22
185,28,70
204,8,171
187,236,17
65,72,119
145,195,74
206,204,222
20,205,145
232,108,225
69,109,107
167,247,238
70,114,234
101,198,49
94,65,95
251,245,81
189,23,130
1,38,245
145,43,106
225,167,122
204,121,63
72,137,169
235,48,124
115,199,19
155,11,96
172,164,201
240,186,84
100,230,43
68,2,199
153,125,217
179,1,144
18,244,17
167,43,6
62,49,183
28,255,47
59,184,141
169,243,18
160,209,229
101,35,148
224,155,158
156,167,117
215,160,162
32,68,212
251,72,106
218,41,111
223,125,62
211,150,29
130,125,106
129,68,220
135,242,174
82,239,81
221,148,53
231,147,11
5,113,159
139,236,39
86,29,251
58,79,167
25,234,213
15,24,123
143,250,171
180,2,151
39,203,44
129,227,251
66,127,37
231,84,31
79,53,253
250,43,74
55,201,191
59,205,242
152,53,88
146,52,180
221,39,109
230,99,6
192,93,107
1,202,2
212,236,108
232,64,246
198,248,87
166,127,64
188,155,12
217,196,215
32,245,69
170,224,28
84,219,197
82,159,31
10,86,91
241,77,189
7,182,93
97,103,255
199,227,154
92,54,54
130,174,91
136,119,24
210,247,145
250,159,125
50,144,106
91,183,8
132,103,116
130,8,166
186,96,10
130,253,125
173,207,45
76,63,127
130,217,34
241,190,3
249,206,75
211,222,137
84,209,134
120,233,97
164,54,69
23,2,61
26,8,150
242,141,168
187,228,176
70,159,246
104,35,44
59,92,253
180,5,79
82,210,74
26,204,243
228,10,166
5,126,179
215,115,45
27,136,50
137,17,11
211,156,104
248,109,186
85,123,158
63,215,24
111,176,138
36,167,84
24,177,153
145,127,25
193,134,186
52,224,152
51,79,239
144,245,62
37,30,95
73,243,213
5,52,142
185,27,113
210,167,180
149,200,176
84,105,250
84,57,25
237,2,253
17,118,192
235,198,117
138,152,131
160,5,182
85,123,217
193,6,215
51,5,212
222,41,195
145,244,173
187,216,152
0,80,129
204,118,65
116,146,238
109,138,233
51,236,149
200,139,129
98,143,82
107,31,23
212,13,4
205,234,168
251,44,163
100,21,135
230,165,15
128,109,163
251,207,53
