13,57,71
140,65,27
29,63,228
5,197,158
136,21,208
98,207,57
166,174,35
218,37,197
238,30,4
242,131,203
60,59,16
249,129,170
75,98,12
49,239,15
176,144,194
200,158,29
112,180,218
144,107,178
255,88,34
146,76,1
127,51,125
185,224,60
0,211,221
168,5,82
130,121,75
20,46,46
110,145,61
102,82,220
85,57,120
7,128,16
194,50,147
225,78,193
73,162,43
23,126,8
130,156,51
54,147,204
75,205,184
91,9,100
183,21,129
193,49,52
21,52,25
17,231,118
50,73,166
211,178,239
60,49,10
7,4,124
122,68,36
111,2,12
111,73,111
156,107,188
113,142,175
23,220,136
199,21,87
86,32,35
71,138,51
23,160,136
143,116,253
13,149,103
240,22,65
24,32,28
142,122,96
73,100,135
24,79,167
187,147,61
203,186,164
32,99,213
10,160,231
185,245,217
224,134,232
151,9,167
55,150,85
157,109,229
145,120,177
56,160,226
247,163,153
208,151,206
250,153,103
219,96,106
203,122,95
50,122,3
193,234,96
178,72,126
24,7,50
144,250,128
39,219,203
101,224,73
43,253,25
136,15,157
250,174,225
29,51,96
65,133,99
53,62,156
26,239,19
43,65,252
18,46,122
108,252,66
234,185,109
113,157,106
101,84,157
234,165,38
29,98,167
111,87,68
37,231,61
44,194,120
9,217,133
200,126,251
151,185,55
221,122,148
5,92,34
27,176,249
19,1,211
35,57,170
109,150,100
86,182,17
45,206,198
155,225,244
81,77,130
29,86,79
32,173,107
200,95,104
199,243,253
198,56,56
246,223,155
187,39,105
25,188,215
241,169,29
197,132,230
125,24,145
85,35,123
88,9,196
71,7,217
195,236,198
33,173,126
75,30,13
90,1,249
224,144,72
108,6,111
149,153,148
52,146,227
54,180,142
28,177,84
212,18,101
52,76,39
254,160,169
64,66,156
91,89,72
220,77,89
181,99,165
11,252,61
173,236,187
155,235,212
230,195,176
56,116,100
247,0,211
89,65,205
232,228,84
117,120,73
1,16,105
174,158,75
131,65,150
223,183,67
157,160,146
56,220,159
90,64,203
94,140,3
122,147,36
155,18,241
186,30,57
236,109,2
29,121,204
222,7,57
73,131,107
11,214,78
190,78,97
242,165,253
109,25,142
91,71,250
223,81,142
231,214,41
91,33,240
193,136,68
43,20,73
0,18,42
87,242,235
198,130,106
207,5,80
19,94,135
105,30,157
165,51,78
86,15,207
127,35,76
90,159,166
133,146,10
129,18,69
81,77,149
211,240,156
138,5,3
41,139,44
234,220,6
88,80,244
89,76,185
88,30,159
44,186,6
31,200,37
252,91,169
204,235,11
171,4,103
146,209,74
96,118,77
249,217,102
76,66,144
161,214,125
111,64,211
124,79,72
187,125,191
98,88,49
200,142,134
168,241,75
223,34,225
253,83,228
88,181,148
39,216,229
16,134,62
89,107,200
199,171,121
197,165,18
119,160,105
63,225,88
175,62,194
142,154,162
110,96,53
126,80,87
25,73,210
194,210,135
90,182,248
31,138,219
155,193,252
9,91,52
169,153,34
92,214,248
243,23,100
165,198,28
82,117,82
71,89,90
1,106,254
20,11,12
54,6,65
205,120,249
44,34,73
188,141,221
77,162,19
158,155,28
198,6,37
134,232,125
152,142,174
118,63,165
123,76,59
104,242,167
75,166,70
151,76,24
240,114,123
226,199,131
204,94,143
16,212,47
27,34,99
84,53,156
187,28,145
241,144,100
122,129,165
224,27,227
53,187,248
93,223,98
53,21,160
253,167,12
99,2,128
249,205,3
143,83,211
216,225,67
143,17,6
66,80,134
76,39,238
255,192,153
248,189,157
36,187,210
13,60,98
108,8,239
24,38,193
39,231,147
62,34,10
229,225,149
127,97,170
51,9,45
243,182,80
1,186,195
14,14,243
33,208,20
109,208,67
213,119,74
158,229,53
46,64,244
140,245,7
153,63,142
254,32,190
228,125,162
154,192,15
70,50,154
102,112,191
234,243,195
186,167,118
186,74,43
120,123,77
76,135,178
19,22,85
206,10,83
95,189,172
48,53,238
154,60,227
197,68,55
35,101,185
83,19,92
246,103,55
237,226,83
107,200,91
183,87,104
171,198,144
62,150,15
125,109,67
84,58,180
246,158,241
207,165,101
65,198,205
12,231,243
223,113,99
157,66,154
188,192,28
44,37,239
198,251,45
37,198,232
69,128,78
216,119,130
149,188,168
99,3,85
66,81,66
201,67,3
4,129,38
168,231,224
20,125,135
74,49,59
202,204,160
4,225,205
55,209,68
64,177,31
215,174,216
182,88,37
20,10,132
5,181,25
90,130,136
39,85,184
0,79,62
23,137,76
179,52,231
111,107,100
131,25,114
95,59,173
94,167,211
17,161,122
71,130,118
216,233,224
166,55,153
45,179,248
90,149,163
253,211,31
4,185,158
169,178,6
185,107,148
72,21,140
120,172,202
185,200,24
1,187,98
188,138,192
170,244,116
56,234,30
90,24,168
161,11,194
233,171,52
228,21,182
160,95,172
99,239,26
90,93,88
14,250,96
57,82,172
183,6,84
170,68,166
37,220,149
142,78,232
164,182,214
143,183,240
142,158,77
102,99,75
40,51,252
140,143,43
66,223,57
188,107,6
39,25,68
163,154,89
22,100,149
62,36,125
87,220,212
226,135,100
178,234,150
237,7,244
43,226,37
200,207,31
87,58,255
114,153,88
111,192,173
93,88,12
4,242,226
73,177,209
146,0,71
100,179,107
22,45,210
95,177,141
120,108,141
44,65,21
59,216,94
251,20,162
186,135,160
199,59,140
232,32,46
185,97,47
53,45,136
237,81,15
3,214,247
199,191,245
183,247,124
172,130,251
38,167,248
244,232,225
113,132,227
144,111,134
158,239,65
32,143,155
205,185,165
99,243,135
5,124,117
68,165,119
22,49,206
165,157,147
98,71,246
170,168,198
170,70,170
42,4,100
225,81,7
88,206,9
34,55,18
12,127,138
107,211,76
46,251,126
196,150,24
253,160,151
13,64,166
187,181,10
188,159,154
230,227,182
209,156,86
193,50,230
20,40,106
148,18,42
70,19,228
22,217,203
71,15,203
194,162,43
211,179,109
50,68,189
192,93,101
148,127,98
114,134,1
118,241,184
119,100,168
213,213,82
119,121,28
252,179,109
228,111,21
151,111,45
86,238,148
71,253,157
16,10,108
55,37,173
86,35,114
111,16,5
172,205,79
126,176,23
235,173,207
169,194,102
183,72,120
230,201,231
253,11,131
15,165,235
173,217,48
198,120,159
33,197,92
58,54,123
241,212,195
228,237,54
161,96,200
20,216,127
22,162,61
84,165,163
8,34,98
169,157,92
132,224,241
221,128,161
149,78,84
95,12,214
181,130,183
131,87,241
61,248,137
65,23,93
118,164,126
198,115,186
86,47,242
227,40,171
130,169,230
234,155,152
144,93,221
76,69,53
125,104,205
230,6,192
115,66,204
220,45,195
45,232,144
165,85,39
218,132,11
205,245,13
95,118,87
53,49,202
200,6,119
248,89,158
125,11,160
136,15,160
148,108,35
227,2,152
51,34,214
43,201,213
108,60,22
117,148,223
172,143,112
144,217,13
8,137,248
103,43,28
20,158,157
147,255,166
169,123,78
197,13,61
28,224,42
156,88,216
178,126,20
225,71,219
207,207,250
31,180,193
178,40,210
105,237,80
65,226,224
13,120,106
223,37,132
255,132,60
28,47,81
7,85,239
76,91,215
75,197,247
157,12,125
220,119,255
187,76,224
205,233,49
94,234,220
233,64,83
20,35,113
149,150,188
97,91,167
121,49,98
227,81,171
58,103,30
32,18,63
108,254,146
239,64,72
164,121,160
114,16,235
60,75,8
12,19,144
250,145,134
203,51,223
255,45,147
107,185,227
136,73,146
125,136,225
215,203,198
46,21,126
194,217,253
92,191,235
57,86,244
110,254,114
8,82,230
100,227,246
203,208,224
76,61,212
122,187,122
18,141,204
194,175,154
194,251,231
189,227,170
224,169,124
10,185,151
227,114,65
183,37,74
129,10,244
2,147,172
218,195,5
241,188,177
201,124,230
163,113,212
177,201,69
251,119,190
75,194,35
227,138,53
229,196,207
234,152,161
61,81,236
228,15,113
124,254,164
96,248,177
124,171,147
3,127,190
7,54,196
196,39,25
98,132,18
72,215,78
114,223,42
92,95,11
93,59,137
8,185,203
139,174,223
81,89,50
115,163,180
231,152,14
24,173,94
10,234,21
217,52,167
220,24,121
8,91,118
37,67,62
0,153,160
114,222,72
60,65,140
188,65,144
56,128,197
189,239,137
17,83,118
12,58,3
164,169,151
44,7,218
4,227,114
21,89,211
53,125,65
160,154,241
34,68,88
181,229,114
195,248,254
39,82,64
104,80,174
13,183,109
135,39,253
110,36,48
49,224,119
238,119,80
237,165,181
70,249,43
205,227,202
183,177,142
41,88,100
88,235,115
199,41,221
109,165,225
167,70,118
113,205,167
114,8,157
55,95,205
228,58,104
183,115,24
192,49,160
23,104,169
173,98,229
110,151,213
63,172,73
210,145,31
180,195,32
28,20,110
197,179,96
140,33,59
86,46,21
252,239,232
108,84,123
45,18,8
213,252,201
130,185,85
120,188,193
94,233,79
169,92,253
24,50,197
15,51,177
139,104,20
46,142,18
139,84,107
235,74,28
209,67,129
107,122,132
48,178,206
99,189,149
44,64,237
156,0,84
226,98,104
222,125,104
166,216,219
243,29,95
90,169,181
206,132,81
38,4,229
94,48,144
208,78,4
193,210,41
238,155,5
34,137,70
220,215,100
62,131,245
153,186,5
61,89,25
107,45,97
6,214,137
45,237,226
239,32,93
16,172,244
116,33,56
54,176,67
76,25,173
222,140,160
144,89,116
255,197,85
186,133,106
184,156,21
106,173,205
141,40,105
100,78,98
163,182,27
35,10,199
42,221,34
205,57,199
113,214,183
140,250,20
132,228,112
127,29,21
139,108,241
71,43,49
222,90,129
47,183,177
59,152,2
205,185,89
0,170,222
107,123,207
173,227,218
13,143,86
35,233,187
71,149,244
254,152,240
234,7,82
80,105,65
205,183,38
147,20,244
169,197,35
210,143,166
64,58,250
55,98,140
240,16,103
11,88,253
20,136,71
206,174,103
149,174,200
62,221,92
68,152,64
208,230,34
161,202,155
142,233,216
18,128,52
162,221,172
239,226,217
58,67,210
2,89,42
61,11,71
144,250,201
246,182,142
160,66,179
123,171,197
175,192,170
183,189,184
17,5,225
168,6,29
220,115,27
208,31,250
78,97,86
48,31,14
136,47,32
81,162,28
50,186,147
219,237,237
231,216,255
39,100,41
19,58,174
97,152,137
67,5,146
170,120,160
78,203,123
117,247,155
250,225,80
240,41,124
96,78,128
214,166,182
3,183,57
37,229,214
179,179,160
130,7,179
46,81,248
136,164,203
228,19,51
69,253,19
165,203,140
235,113,216
112,169,166
193,58,118
218,178,175
232,243,233
230,225,153
82,49,38
73,205,106
235,241,89
59,187,108
128,206,164
181,130,114
190,56,107
60,229,33
50,184,251
12,46,216
39,252,148
54,244,199
165,172,13
206,58,244
57,156,197
210,130,43
86,109,220
142,219,42
138,140,170
251,124,238
57,181,24
200,231,41
226,71,173
128,86,253
88,202,52
101,134,215
227,28,119
54,200,183
198,203,98
99,88,33
178,175,236
133,186,72
182,1,227
245,34,141
66,200,212
103,42,122
17,28,134
53,148,94
141,139,117
32,79,57
104,136,126
163,109,79
63,187,194
185,5,245
67,220,187
9,72,141
158,154,27
160,181,104
68,53,6
170,145,201
109,94,45
254,31,148
19,223,26
117,5,156
105,27,207
254,252,52
142,134,17
76,173,107
170,214,5
48,195,218
239,162,217
119,165,141
201,201,198
235,140,141
55,225,29
67,167,47
160,54,211
43,10,244
209,79,120
9,34,2
234,248,120
107,81,37
199,91,241
232,77,38
8,223,231
184,144,175
219,55,25
53,91,87
231,218,143
113,195,254
152,168,78
13,181,153
202,151,196
148,235,234
239,83,181
126,108,248
219,182,244
29,181,223
218,203,136
226,229,61
185,122,178
99,109,101
171,28,14
132,119,142
254,44,220
75,57,157
62,69,199
2,108,16
95,64,248
181,70,43
3,228,79
116,240,198
255,240,87
175,21,137
138,47,104
244,139,56
111,79,200
192,108,97
141,119,140
228,246,8
63,176,218
248,105,203
220,123,67
29,65,205
110,106,142
187,95,252
138,61,139
70,245,184
0,53,28
140,164,166
20,151,182
48,197,43
13,10,124
178,109,184
116,205,165
48,82,46
238,74,14
32,34,166
103,15,63
148,149,247
53,155,87
165,15,245
79,17,224
233,52,72
197,92,2
51,143,146
79,96,58
166,69,220
112,99,89
44,249,174
118,206,1
202,114,38
68,81,27
231,33,131
152,148,22
137,36,0
10,144,233
221,252,142
133,17,100
243,48,56
113,228,139
41,28,61
34,70,69
88,52,191
91,113,21
34,184,203
139,63,114
22,117,192
206,102,24
109,75,55
157,87,69
197,16,147
158,198,175
48,246,75
247,186,241
118,85,104
152,204,44
121,36,46
161,166,234
121,29,17
34,117,97
2,76,1
16,124,249
62,245,99
228,194,166
152,84,80
98,99,255
64,90,30
242,206,223
135,23,250
25,98,241
253,217,115
16,56,152
4,5,23
73,58,157
254,202,225
33,46,90
0,18,188
153,160,57
42,188,218
52,241,54
53,135,136
213,94,145
90,119,227
11,156,158
227,167,112
40,177,42
193,100,140
82,186,54
143,40,176
13,103,58
149,165,10
18,188,18
164,58,152
250,143,152
46,109,0
215,228,113
191,20,112
6,224,192
120,18,79
165,207,150
164,253,123
36,109,112
85,134,173
124,75,114
233,63,214
44,52,31
255,114,150
120,159,228
132,95,54
39,168,121
116,242,183
49,112,93
30,189,221
77,99,31
86,249,59
68,52,165
73,157,38
183,27,44
109,166,110
147,187,242
200,82,77
15,252,230
178,32,105
135,174,180
122,134,171
90,237,213
213,126,188
23,182,103
201,171,186
121,187,150
167,224,111
19,99,211
222,56,5
151,86,64
225,161,28
114,142,68
171,215,202
181,245,224
41,162,70
53,40,200
41,37,214
24,140,201
32,99,209
72,163,47
147,206,143
105,84,85
164,151,1
29,67,114
128,43,134
26,79,124
26,57,37
43,68,99
168,75,208
1,25,121
62,216,174
10,174,187
164,157,192
187,205,199
95,143,154
9,119,10
71,138,31
246,157,152
221,10,8
58,54,175
30,14,185
37,54,164
159,18,223
28,216,136
33,131,147
117,186,154
149,10,202
232,130,86
169,168,156
184,25,160
185,55,66
228,232,111
37,145,59
177,55,58
3,33,108
148,120,136
127,153,96
166,29,18
243,110,11
98,80,244
200,68,176
66,220,222
131,27,143
197,254,48
229,225,176
144,207,45
113,219,25
116,54,164
171,129,45
161,58,235
142,126,23
189,49,243
182,0,138
153,96,107
226,92,176
25,149,96
111,169,200
184,205,170
114,239,57
35,91,128
234,158,106
178,12,234
239,55,100
200,173,208
252,136,97
127,23,246
103,44,138
129,12,126
186,31,249
222,18,59
239,139,192
142,20,71
59,214,108
84,121,99
156,45,7
63,162,75
152,151,207
252,136,214
42,109,166
146,17,12
64,65,255
142,232,131
195,59,81
179,144,236
239,118,127
96,74,117
170,176,8
117,248,162
130,100,208
151,244,43
74,229,146
153,64,245
100,14,103
40,118,12
213,115,178
27,193,148
57,227,119
159,123,79
176,152,49
63,145,55
10,207,213
114,171,90
148,218,22
230,0,151
180,182,156
219,70,46
29,52,66
50,202,26
233,252,206
133,211,238
212,76,195
216,102,121
119,143,37
224,99,160
130,131,249
201,213,77
170,129,180
238,133,79
227,90,92
81,1,18
106,32,189
164,93,199
81,61,130
230,16,195
137,58,54
158,85,11
222,37,187
243,127,46
24,114,235
164,226,242
81,179,14
151,77,212
21,1,87
219,185,245
243,87,66
229,107,25
54,122,234
84,173,81
68,79,165
119,68,237
86,51,209
103,128,103
2,174,250
33,106,39
58,178,216
13,211,234
239,28,99
42,234,130
121,100,180
211,47,145
135,75,59
53,254,75
251,14,191
42,127,140
82,33,146
42,110,53
85,168,245
187,26,129
139,42,50
29,48,199
160,72,196
107,190,152
125,252,9
109,225,118
84,252,252
244,47,65
12,148,71
111,176,87
176,22,210
214,127,187
115,11,230
120,34,3
58,85,2
34,190,160
74,227,92
110,237,54
79,63,102
69,160,169
63,116,124
26,125,224
245,134,172
219,200,25
240,160,145
75,37,79
131,108,0
182,230,35
152,30,69
0,199,75
115,16,46
47,250,70
93,251,13
3,207,84
138,56,45
26,1,175
179,211,47
140,20,35
216,212,194
215,239,66
135,148,192
173,40,166
235,169,101
139,92,35
40,175,13
137,4,175
34,252,95
58,199,40
26,28,217
148,62,66
204,69,70
47,83,173
148,66,89
107,96,144
234,188,221
29,158,85
155,153,113
228,61,156
158,228,97
178,28,69
224,32,101
231,45,244
79,65,84
127,229,182
115,9,249
102,251,218
129,200,137
122,156,200
210,110,82
249,143,216
204,24,241
216,70,50
200,60,41
13,22,103
175,240,36
126,54,231
115,21,54
244,211,15
119,255,14
191,81,74
71,233,122
253,201,109
69,43,27
94,241,22
12,181,97
188,109,241
232,24,236
175,209,158
147,209,249
190,143,63
122,190,20
240,143,187
241,101,115
149,42,77
221,183,151
173,215,16
16,76,194
74,98,234
69,51,172
128,105,51
8,157,250
202,99,72
194,253,49
187,116,90
99,187,89
221,227,61
26,79,121
200,138,105
63,1,191
73,225,165
190,28,113
52,6,54
115,120,86
241,218,86
42,73,240
45,235,99
80,245,91
181,164,184
190,117,64
65,97,225
248,218,23
189,166,162
28,213,148
138,121,235
68,250,176
193,245,180
113,163,254
154,0,117
127,185,78
146,91,237
93,54,153
177,117,50
186,251,156
47,84,91
19,106,160
67,213,142
45,3,185
126,167,61
27,1,169
225,223,173
65,166,236
200,146,81
175,162,84
188,229,109
84,178,64
7,199,179
206,99,24
201,35,62
88,231,225
55,67,98
205,196,129
89,5,186
251,63,40
26,40,204
196,204,163
162,242,39
158,202,146
107,32,73
135,54,171
163,161,61
135,166,202
229,31,156
46,35,86
89,202,40
159,184,123
130,99,118
52,5,3
43,101,137
111,14,92
198,152,5
46,39,130
103,127,211
3,46,19
13,225,195
179,51,74
148,8,85
128,28,118
77,43,135
174,153,45
177,162,39
40,182,173
40,31,59
232,74,171
254,104,187
210,224,51
115,226,200
102,145,243
224,94,216
100,58,122
15,165,172
198,146,62
185,85,231
167,231,71
16,40,71
149,208,151
104,95,238
141,166,225
113,56,244
146,94,179
38,222,162
196,220,83
125,140,178
79,2,111
32,68,62
201,49,106
193,182,192
180,145,134
197,172,197
122,87,240
206,154,148
219,128,213
196,117,56
28,21,88
236,71,222
152,213,55
220,217,117
12,106,107
25,155,8
2,135,234
201,106,39
190,148,81
17,179,216
43,77,45
91,84,138
247,122,235
127,251,58
210,144,10
204,204,134
223,185,33
143,3,26
7,204,53
175,20,1
213,77,249
229,212,160
196,220,211
172,48,146
107,46,70
255,41,249
161,220,197
28,33,126
224,173,57
74,69,24
29,187,156
228,25,116
152,30,182
50,247,191
30,55,211
4,206,162
85,130,220
178,17,245
120,175,163
142,194,33
54,241,45
105,177,134
25,207,248
118,216,33
34,245,131
22,59,46
3,126,154
44,199,207
24,167,19
247,9,112
11,29,234
105,213,76
5,28,64
201,103,82
85,168,37
91,10,148
96,245,21
104,118,191
87,227,210
167,133,139
78,39,215
192,200,88
138,96,74
153,144,119
229,198,141
211,159,187
160,241,178
103,134,171
157,179,76
88,60,144
32,142,173
144,34,216
37,34,155
4,41,150
8,164,15
161,165,246
121,81,239
73,111,234
10,8,244
42,184,197
38,243,13
195,136,24
57,238,235
112,135,165
251,217,32
109,209,41
45,45,31
130,108,193
189,228,179
216,215,249
213,78,85
144,101,42
147,217,85
218,60,30
207,63,227
9,123,4
213,31,198
84,125,61
101,74,52
248,193,41
137,226,68
153,28,94
162,207,235
3,115,136
42,43,204
35,225,119
13,229,163
109,116,184
101,10,111
158,96,248
246,19,164
51,121,193
112,243,201
4,152,17
61,62,244
17,51,203
186,149,133
40,159,8
209,220,246
157,36,219
127,98,0
108,166,18
232,223,171
92,34,119
168,201,20
118,23,208
185,26,186
250,221,115
59,197,43
197,107,74
186,118,186
99,185,196
80,66,100
186,54,183
191,95,221
5,28,229
76,203,110
101,0,223
133,144,157
35,174,236
187,65,132
148,235,164
247,43,161
106,246,218
30,39,201
8,253,32
117,200,92
70,52,58
223,204,173
46,164,133
75,112,86
199,211,27
41,147,216
101,198,255
1,30,36
57,163,125
165,166,156
211,79,79
236,21,80
184,42,101
172,80,219
5,240,229
187,247,234
137,29,56
37,25,34
157,88,101
65,76,145
179,51,245
31,99,127
120,58,227
123,128,171
160,205,22
18,139,255
154,174,102
237,117,248
223,220,25
79,151,4
31,191,201
246,174,60
96,222,134
76,46,94
133,171,249
97,81,180
163,28,141
196,55,163
20,206,59
232,68,69
102,162,254
20,209,174
44,200,173
148,53,79
24,156,192
177,243,163
120,53,15
254,156,182
140,192,204
110,103,168
227,45,151
59,57,40
240,194,143
42,202,225
51,208,43
158,188,103
174,127,187
2,34,71
107,224,238
197,157,29
179,64,23
149,153,187
42,244,70
136,194,153
221,28,179
124,115,229
218,180,175
207,90,7
1,243,244
46,85,240
6,172,88
250,54,80
236,146,37
217,170,236
236,253,131
66,31,181
64,179,97
154,78,188
38,16,211
97,134,131
33,53,236
176,88,249
60,232,240
19,73,1
44,177,182
139,160,177
214,187,183
109,48,162
79,111,124
216,4,94
233,230,152
193,4,144
222,154,133
142,42,37
106,181,8
129,16,209
58,75,120
235,249,189
124,154,65
251,53,193
155,170,6
152,107,174
81,100,193
47,112,129
44,231,167
91,213,87
133,203,27
78,19,99
191,27,39
149,189,186
73,188,194
253,57,18
189,99,97
187,212,149
105,251,240
26,201,229
207,188,0
198,225,186
249,127,66
171,164,116
106,228,153
234,190,171
24,142,158
114,173,241
170,6,88
167,157,128
75,56,163
136,85,5
42,32,233
122,148,160
102,184,92
243,186,166
221,87,233
132,102,104
152,173,242
88,18,90
112,147,209
218,212,0
43,150,38
147,98,250
251,138,74
104,120,105
222,249,3
83,206,33
217,118,163
155,27,247
100,52,52
149,94,128
247,4,141
118,68,166
158,15,230
119,103,24
189,76,79
175,40,104
165,87,27
23,243,198
166,79,167
68,194,248
207,62,246
175,235,179
74,237,49
11,250,250
43,222,223
123,227,240
54,121,52
102,121,141
157,90,72
249,185,70
107,190,200
39,81,138
21,140,136
238,180,96
238,79,231
203,210,227
49,104,187
224,233,61
215,37,252
126,142,73
76,6,222
83,155,155
17,103,176
249,238,232
199,233,174
72,119,208
198,4,11
229,18,12
99,165,247
168,178,115
204,189,123
59,86,22
235,87,2
43,212,81
226,157,168
229,51,180
188,10,1
246,156,22
11,12,201
33,65,176
137,249,25
28,197,47
158,32,19
37,252,159
165,213,23
7,68,73
70,55,135
30,97,41
165,84,20
132,40,85
9,168,162
139,77,170
104,14,220
91,106,161
224,217,141
30,243,93
13,224,42
91,234,178
1,188,158
102,147,30
211,60,226
156,181,27
33,208,131
51,231,57
200,243,247
0,173,30
35,239,95
31,94,58
186,18,184
205,150,33
49,209,209
191,183,103
33,67,50
70,161,2
121,11,48
67,207,78
115,157,164
20,212,16
86,249,119
166,229,232
121,117,252
102,93,204
106,188,141
207,164,143
80,72,122
63,229,81
229,3,146
178,201,183
131,71,62
83,6,115
255,168,171
144,90,140
141,239,111
74,83,249
57,174,143
126,203,250
245,230,197
48,96,85
119,4,158
208,244,86
158,50,250
31,18,155
143,144,85
46,224,6
89,94,124
134,221,56
148,224,47
225,11,131
111,114,65
223,28,104
153,164,3
88,5,249
132,26,247
5,124,214
184,114,111
176,27,205
149,208,36
29,176,174
249,72,41
13,201,90
61,237,83
27,128,236
164,116,230
172,209,3
16,164,124
123,155,42
89,71,205
132,103,170
136,88,172
53,200,87
17,141,217
170,44,232
68,19,145
88,11,200
114,45,147
221,98,31
174,128,40
55,16,48
91,180,13
227,211,115
235,186,165
119,175,252
55,98,82
101,51,190
77,130,241
39,178,64
100,80,101
210,187,16
12,244,156
70,232,131
173,251,160
30,14,250
254,120,103
221,34,68
231,30,163
33,55,145
181,233,25
169,189,39
115,122,55
126,214,118
95,119,1
141,252,50
155,66,31
64,185,80
22,122,122
104,40,78
165,14,101
34,210,160
76,110,250
240,122,41
26,201,113
210,49,193
224,86,224
17,68,228
83,105,135
96,102,79
55,237,148
155,219,147
119,84,134
51,103,100
69,83,32
149,31,44
62,120,96
210,17,187
212,39,178
177,70,228
163,61,10
87,26,231
197,184,227
70,97,80
110,35,44
101,255,156
159,101,126
54,170,68
89,199,174
217,135,103
213,51,140
253,250,182
183,226,72
107,215,95
191,242,166
142,217,245
10,173,45
132,201,149
28,173,215
50,184,148
189,220,201
13,176,55
28,63,78
112,211,175
141,238,44
59,65,77
1,13,88
93,251,155
215,134,206
107,254,221
155,129,16
140,193,136
226,133,193
181,137,47
126,69,145
243,253,6
181,21,201
120,153,173
116,15,87
138,170,32
137,81,141
201,236,178
6,202,221
28,139,236
113,174,37
203,144,248
184,38,20
244,182,77
86,50,245
219,135,185
186,189,105
135,109,157
188,121,100
223,56,94
165,205,150
9,181,233
250,13,114
87,13,115
136,155,90
87,66,12
104,240,95
19,238,213
100,50,138
132,221,14
79,192,18
254,101,163
213,122,11
109,71,23
174,1,131
15,43,176
33,207,241
190,160,72
252,32,160
144,224,206
123,230,2
36,142,94
253,33,253
188,97,15
136,82,225
227,130,161
55,228,17
28,2,10
92,27,27
170,8,121
97,99,242
14,194,58
243,40,174
137,146,59
85,118,39
200,81,130
10,8,147
217,145,132
165,175,83
156,246,181
216,251,73
240,173,137
207,247,149
201,162,41
177,64,222
101,250,237
121,180,243
28,187,19
9,249,173
62,219,154
138,120,139
187,163,90
180,129,57
230,35,165
115,251,142
163,18,108
229,211,233
160,187,238
157,112,51
199,105,208
197,166,154
192,155,91
236,96,93
196,67,42
190,109,164
223,194,129
122,23,205
9,208,14
24,246,133
116,16,218
178,118,165
172,43,71
109,189,249
164,21,193
178,71,248
102,90,221
147,248,209
136,112,46
238,95,190
205,216,119
10,130,60
138,51,162
35,244,221
228,122,48
85,251,45
48,104,31
48,138,136
88,228,196
200,234,73
191,238,179
4,146,132
80,145,128
120,105,138
98,160,233
125,154,193
121,70,3
87,144,45
139,131,142
211,99,186
221,115,93
23,136,132
217,40,54
182,88,38
194,186,105
158,53,42
184,23,77
46,178,104
28,97,248
175,89,199
130,152,35
35,196,178
87,219,233
88,16,248
217,159,32
73,255,165
108,188,210
120,51,211
166,202,192
94,198,40
243,215,75
83,76,85
8,108,49
81,155,96
60,60,122
38,214,113
130,140,79
159,65,191
104,199,54
64,149,9
77,10,135
116,48,171
225,160,5
190,48,231
104,73,12
98,170,200
123,49,219
65,64,164
39,60,208
53,31,22
16,56,75
192,240,3
202,15,212
113,154,40
119,245,201
106,99,23
108,67,6
26,100,47
28,16,202
181,224,101
106,153,238
61,254,16
100,183,73
177,70,70
226,62,133
126,180,64
7,108,175
154,167,118
4,95,90
176,31,195
22,252,23
61,145,188
172,231,133
222,184,205
205,150,166
56,192,203
127,246,169
22,178,107
165,246,23
237,58,51
224,144,6
174,189,113
5,144,157
233,109,149
128,113,213
85,203,30
152,217,130
54,187,142
75,3,237
0,98,193
189,216,39
19,27,171
128,155,9
26,206,68
123,169,99
52,88,200
195,176,114
114,18,191
230,151,131
207,236,178
59,164,7
235,103,37
23,12,83
208,249,91
30,224,111
22,7,49
53,134,250
3,100,22
17,208,240
147,70,120
229,220,101
44,253,236
126,69,106
216,28,41
55,182,238
113,222,184
100,15,111
91,91,215
55,151,26
23,131,85
29,113,180
91,230,31
48,182,201
205,160,104
5,148,225
22,106,53
221,204,205
199,24,248
170,22,44
225,125,134
67,62,155
101,36,121
148,116,64
115,99,71
149,130,255
184,25,169
159,241,67
206,178,88
116,166,11
62,130,97
93,51,47
198,2,25
102,69,17
235,170,82
69,107,229
248,212,173
66,150,167
166,255,91
127,212,122
169,213,243
200,217,107
247,68,199
130,139,71
34,12,112
99,215,6
52,184,243
5,149,201
39,198,84
97,78,50
220,255,179
214,191,109
165,4,124
21,151,92
118,178,209
86,158,217
245,89,153
217,73,207
92,4,47
63,218,208
106,67,243
40,225,176
254,161,42
127,122,167
192,88,118
92,154,107
178,56,171
242,40,76
138,52,145
107,248,18
179,30,193
2,73,140
145,84,55
249,130,200
200,187,110
239,115,55
67,223,240
152,192,115
220,138,121
176,112,144
135,206,243
168,231,188
162,176,129
92,109,115
172,105,109
35,2,53
92,177,55
23,56,144
166,243,127
182,129,205
243,0,95
126,148,201
138,92,65
195,56,112
51,107,66
149,98,233
210,103,119
194,172,46
121,156,136
46,88,193
42,226,114
35,73,124
27,112,45
156,146,225
179,152,142
56,71,35
142,251,10
227,117,55
165,223,164
87,102,252
174,5,82
137,44,49
254,254,197
107,94,141
49,44,231
84,126,121
117,125,75
31,9,140
117,23,224
164,130,166
95,65,47
34,130,9
1,17,132
181,123,61
230,194,79
62,253,113
243,206,213
197,84,175
72,66,176
200,28,195
181,95,202
177,199,41
91,61,40
75,224,69
93,39,58
71,186,249
44,124,84
176,79,221
32,182,205
34,31,147
173,168,106
153,196,163
78,200,92
226,248,204
252,255,64
158,207,7
41,158,203
126,89,50
163,96,222
186,234,33
36,10,203
86,62,84
169,163,48
49,231,180
139,98,1
165,49,250
25,38,230
198,148,85
136,229,208
98,118,188
118,21,13
132,168,245
75,153,97
16,165,84
138,221,70
34,54,49
215,183,101
163,55,72
130,104,78
117,87,228
245,79,76
120,104,126
82,231,64
41,15,20
211,86,255
217,235,90
139,162,212
76,116,47
121,5,106
3,175,167
239,167,71
232,10,76
110,231,37
189,235,9
80,47,146
0,123,193
143,198,222
187,168,153
152,185,90
166,53,201
164,53,141
55,253,19
255,144,91
80,66,220
207,228,236
5,176,167
164,16,100
42,3,56
93,94,110
159,163,205
28,159,34
47,192,140
70,230,223
62,233,113
208,144,20
5,50,5
17,42,78
195,207,5
125,204,77
133,127,160
118,9,167
33,27,234
98,233,115
152,156,175
199,3,88
53,248,70
110,58,172
254,3,92
183,33,184
172,226,41
238,171,50
222,151,94
241,183,25
153,49,157
208,210,99
87,62,72
27,80,27
98,62,58
251,166,226
160,163,19
233,215,108
159,141,88
62,20,98
19,243,61
227,162,219
99,224,74
50,163,128
101,105,178
88,164,34
62,250,101
111,119,74
188,89,202
146,140,185
13,81,99
218,164,231
129,232,187
191,52,235
67,73,214
106,32,239
199,54,198
92,145,112
117,223,56
194,92,5
104,156,255
237,26,129
192,227,76
202,230,64
54,25,7
103,1,72
84,37,81
28,201,163
15,120,100
50,47,197
151,67,104
175,146,142
46,247,29
148,134,98
214,19,145
163,244,171
143,218,179
244,3,216
112,239,92
89,142,200
204,47,3
127,245,41
169,165,132
237,84,138
173,144,226
77,212,178
55,105,204
213,250,115
9,80,37
213,95,157
76,91,154
178,54,170
99,0,60
136,252,136
115,135,170
150,142,38
74,170,166
15,1,19
12,126,24
151,61,129
152,225,138
197,158,152
5,192,82
155,7,26
252,209,217
63,31,37
213,179,111
174,5,0
254,67,16
46,103,12
185,191,141
17,50,130
251,18,238
64,34,17
166,167,244
157,236,54
194,16,244
60,213,207
162,15,235
128,147,197
176,192,41
101,16,211
149,28,37
198,188,216
233,13,111
199,34,19
80,190,187
183,117,15
167,198,164
42,175,128
154,128,103
61,7,131
141,186,129
56,17,244
238,211,113
191,21,85
229,46,46
219,169,111
29,93,107
63,234,231
95,193,114
9,35,0
216,15,61
183,139,71
245,91,47
19,54,158
5,25,205
27,56,94
194,238,178
94,99,82
56,55,239
192,74,189
35,20,252
145,211,234
91,31,184
126,216,63
48,98,212
197,176,87
7,46,17
26,188,217
93,204,236
191,226,60
91,203,217
181,222,3
94,156,7
102,122,133
122,51,114
194,98,228
3,102,55
64,184,137
48,109,218
125,50,176
53,51,96
251,140,1
18,181,123
115,136,49
187,119,43
239,102,171
164,88,75
83,70,74
20,190,155
27,131,224
254,91,8
233,85,47
148,182,19
18,206,77
125,110,156
120,46,14
108,233,210
27,48,142
243,169,241
121,207,34
131,79,124
24,222,26
7,6,39
33,102,185
186,77,239
155,116,221
99,246,166
162,217,102
131,72,174
48,121,200
73,66,41
242,49,116
200,219,147
70,160,249
138,180,36
180,189,254
138,223,107
99,248,29
45,250,188
214,114,30
158,203,60
213,136,118
216,79,153
85,72,173
188,98,24
100,128,106
229,242,222
179,158,182
157,216,105
172,7,183
44,77,118
90,86,45
243,199,72
155,221,55
24,6,188
215,139,180
206,201,204
207,235,70
206,58,33
32,253,107
229,54,125
245,226,159
2,224,224
19,41,160
200,61,41
158,60,239
24,249,17
139,35,16
51,95,150
99,17,221
76,137,106
91,87,244
186,6,143
245,55,237
122,247,212
85,81,140
160,123,236
13,188,163
38,171,4
102,95,84
2,78,29
45,206,86
119,127,83
236,16,79
243,234,237
186,193,230
92,214,155
29,253,166
138,123,83
24,125,107
100,192,60
120,113,92
251,135,196
113,8,139
11,107,169
175,18,240
126,53,252
66,103,69
192,209,69
125,60,158
49,80,205
20,12,78
153,0,61
18,253,102
229,193,53
244,93,162
29,218,206
125,99,70
197,1,11
83,151,96
245,191,2
83,52,255
52,31,107
42,157,231
207,92,152
140,130,121
31,64,14
35,255,119
232,191,37
201,50,165
21,27,77
104,145,178
122,173,61
183,219,43
123,80,86
166,203,130
117,243,131
124,88,94
201,97,234
252,125,156
86,223,184
133,203,252
136,177,232
75,148,245
39,251,25
89,103,31
146,123,40
177,144,104
35,144,15
20,165,214
152,24,186
150,126,74
27,130,214
124,96,204
149,49,187
255,144,183
119,160,245
96,14,49
29,235,207
143,225,81
254,91,134
124,172,213
251,243,137
233,199,6
158,79,62
63,157,28
9,231,39
147,226,248
196,165,164
50,42,9
90,25,250
170,157,92
168,86,145
18,231,229
3,222,170
113,239,199
68,100,108
112,1,26
74,120,158
20,150,201
92,223,88
165,33,154
144,88,98
204,56,31
104,76,187
96,208,240
74,35,75
31,167,142
67,172,204
166,219,110
108,42,87
0,29,32
25,119,163
22,108,208
123,147,38
122,237,41
171,95,132
11,190,189
37,29,194
52,180,40
65,214,29
122,24,12
154,187,133
84,63,230
43,38,192
67,219,67
133,56,248
11,83,207
109,37,201
250,177,187
184,36,107
247,113,79
49,144,118
0,95,222
93,87,140
159,45,163
92,29,72
70,4,168
187,15,64
69,5,90
37,137,97
79,103,109
125,113,45
3,96,115
227,63,44
232,103,39
104,138,104
136,75,249
234,242,18
190,170,51
163,29,108
82,236,208
251,201,92
135,187,237
121,157,126
192,58,174
78,79,184
137,62,92
6,190,48
16,80,58
63,166,93
39,77,156
85,30,50
28,98,121
26,10,54
160,10,200
67,138,230
149,127,62
78,107,132
248,227,141
188,36,213
221,172,54
29,93,143
229,121,145
106,84,11
79,13,176
227,169,12
56,49,211
236,173,73
144,200,245
47,237,151
221,65,170
145,39,150
199,180,230
204,210,52
31,166,218
238,68,0
193,230,198
114,120,186
166,101,187
219,161,39
147,53,124
77,194,198
26,181,16
245,20,108
2,97,175
227,139,15
175,25,22
3,16,12
249,196,63
254,245,64
82,216,100
100,126,39
23,180,136
7,31,163
92,248,67
177,29,75
48,159,20
13,106,143
28,27,123
65,117,123
103,131,158
169,237,5
59,116,70
113,43,20
254,8,125
171,113,105
109,206,93
120,120,207
237,98,123
30,70,40
177,49,145
239,20,82
161,145,134
156,34,215
145,51,136
209,78,152
35,200,102
196,137,145
3,202,164
233,137,248
255,155,41
30,108,143
87,218,107
24,57,242
119,52,205
86,84,13
99,211,175
240,165,99
42,206,57
249,146,64
239,201,225
47,225,76
172,100,15
40,41,148
48,221,52
120,35,122
248,141,1
133,232,200
181,13,2
212,99,135
157,178,136
173,75,140
186,58,217
72,254,9
28,244,189
145,112,83
43,229,150
229,109,73
89,66,219
90,96,134
203,91,184
86,71,56
43,11,44
191,236,113
131,123,99
5,192,98
69,27,227
236,189,87
76,244,152
44,236,182
209,160,100
135,211,209
138,222,250
171,206,149
50,196,228
222,159,107
171,103,249
20,219,200
243,233,181
40,171,153
84,90,4
130,190,240
238,166,163
235,115,24
116,236,43
18,185,163
244,164,88
150,173,92
45,229,99
141,28,88
146,94,94
14,201,164
130,160,196
151,212,49
248,52,17
62,1,246
26,123,232
79,222,219
204,125,241
233,220,56
35,132,50
134,112,29
105,46,131
244,26,119
136,206,97
168,205,72
192,190,112
64,62,15
63,252,152
216,70,178
78,221,108
136,105,182
254,217,134
194,35,35
143,134,6
60,103,131
36,213,159
12,218,228
52,4,226
148,249,168
175,163,125
189,147,246
234,227,1
34,20,51
98,113,253
38,245,237
253,146,108
3,111,172
162,227,55
122,202,210
122,249,240
145,25,251
220,7,53
62,33,186
187,134,204
85,24,168
184,137,249
82,39,104
16,106,191
112,89,150
201,187,54
52,151,123
122,113,70
135,23,16
132,37,198
36,232,1
100,203,114
69,160,73
168,6,107
188,206,25
207,176,125
157,151,63
60,84,62
62,112,223
181,57,88
54,63,7
251,229,76
253,222,57
238,66,79
218,22,79
124,239,240
126,194,217
104,58,28
116,125,139
10,224,55
117,157,10
248,252,46
139,39,235
212,24,80
214,137,112
183,71,94
166,253,135
220,21,235
145,198,165
222,175,175
235,12,30
180,253,141
161,202,200
209,55,157
7,144,196
200,241,138
2,41,244
60,60,210
227,168,177
86,122,77
45,107,162
231,35,11
228,206,23
180,223,98
177,181,37
253,73,145
6,24,215
144,109,170
108,13,21
132,71,115
58,55,48
39,134,192
125,9,165
122,99,243
131,117,186
58,65,3
68,38,129
166,134,60
236,127,150
177,185,208
25,103,128
3,148,114
213,97,167
157,113,159
32,56,146
26,192,114
20,184,110
192,86,101
30,79,65
171,77,20
134,150,181
85,251,31
75,13,73
77,68,90
226,151,67
149,180,52
45,206,224
125,93,82
76,63,98
214,118,213
27,212,155
32,57,166
211,97,35
20,252,185
189,141,50
78,12,203
223,210,33
71,90,40
101,126,95
193,214,25
44,131,216
169,230,142
135,212,118
80,69,120
26,36,139
91,201,79
106,203,70
251,123,124
120,149,59
210,226,172
221,193,87
0,68,69
117,65,179
7,138,71
98,15,229
37,21,137
84,217,214
87,26,143
154,182,195
20,205,180
222,33,57
94,225,50
43,253,195
2,224,1
189,180,88
103,183,172
76,6,30
144,152,253
107,230,169
198,37,236
250,165,78
137,116,237
38,179,241
199,95,45
168,181,140
115,198,250
244,120,208
136,204,167
134,60,233
121,205,176
0,54,154
49,177,130
195,172,12
127,238,68
62,4,143
124,110,182
244,186,176
133,59,83
86,42,25
26,116,66
48,254,36
132,3,24
24,221,119
29,28,104
148,119,250
29,107,146
206,228,52
138,8,73
195,122,95
19,118,193
174,246,10
52,166,47
133,232,221
188,243,197
76,147,66
190,174,234
38,11,254
147,219,133
169,22,163
63,122,74
217,204,195
249,196,164
7,32,145
174,4,142
239,36,238
81,238,91
204,168,166
174,57,51
136,109,124
123,231,31
70,186,165
255,57,112
202,154,165
186,169,42
255,39,72
239,231,63
156,96,138
137,86,251
39,44,249
134,130,216
240,199,183
233,176,199
118,35,194
169,244,200
73,108,158
153,231,235
68,11,191
237,54,223
117,101,121
123,63,29
238,31,252
101,28,224
189,181,177
3,163,143
47,118,114
44,232,201
31,249,167
3,197,9
187,175,44
121,113,244
155,37,140
254,165,111
168,175,233
31,192,52
77,232,213
230,87,111
88,217,62
236,243,218
87,158,253
80,52,105
48,145,29
218,155,67
97,222,24
45,192,230
169,146,53
228,46,45
122,108,88
107,5,90
29,120,55
139,176,57
159,27,218
156,128,181
183,236,56
70,94,60
89,64,135
158,219,82
128,49,238
5,116,3
4,164,180
94,129,245
21,160,224
19,67,35
225,223,62
161,117,184
76,162,242
230,244,28
12,20,163
183,84,22
166,250,110
2,209,197
171,8,112
108,99,73
211,195,116
220,49,98
10,168,183
252,57,68
177,114,11
150,106,67
99,79,197
37,220,137
227,159,25
37,110,19
31,190,222
26,126,133
163,22,156
90,153,204
7,72,217
62,124,242
52,3,100
120,154,213
122,110,195
46,36,165
248,112,166
221,4,54
232,120,246
251,43,189
115,171,167
190,103,222
147,161,12
127,139,46
109,153,26
170,13,181
33,74,242
38,16,200
209,211,156
34,169,185
202,32,241
139,221,227
161,1,10
209,213,88
28,242,140
146,157,184
17,244,152
180,109,243
51,232,104
9,1,30
252,67,63
15,192,52
196,27,147
29,105,73
155,159,121
78,247,18
44,127,181
173,29,49
149,31,4
145,166,72
65,134,96
97,139,48
103,237,65
179,168,82
218,128,181
166,63,244
85,8,63
203,131,19
76,10,109
237,170,112
142,228,182
55,35,153
68,161,229
216,179,178
37,245,104
242,148,208
121,193,220
97,40,93
162,121,71
82,119,235
190,202,186
206,82,47
224,125,68
80,136,18
124,26,173
202,130,105
177,242,19
234,68,223
101,29,173
169,53,60
99,107,155
171,188,228
162,222,75
7,94,246
225,11,103
46,142,76
46,220,189
185,241,161
113,89,199
84,130,201
30,157,8
108,66,12
190,150,12
70,77,103
54,42,200
254,103,244
2,172,7
58,134,113
126,254,242
76,47,156
154,207,201
154,150,121
215,133,50
166,208,204
109,77,209
111,247,102
75,214,126
112,29,139
163,190,247
177,160,15
225,148,224
123,42,227
102,58,193
250,37,229
252,225,23
135,123,35
248,52,169
125,27,8
127,171,18
26,146,12
130,62,159
197,2,130
95,204,86
172,149,112
64,113,87
83,228,29
69,17,0
190,39,132
48,110,180
95,147,123
60,227,210
59,91,237
114,96,117
149,174,129
83,147,134
1,153,247
253,45,167
150,199,249
225,29,150
137,42,92
193,100,22
126,72,219
170,205,99
85,45,110
18,168,56
129,214,181
160,216,109
124,192,237
84,113,10
254,178,31
244,56,145
111,185,143
115,134,181
121,218,49
99,2,163
59,205,10
132,54,54
244,41,41
104,225,166
36,115,249
250,6,21
227,80,39
39,32,33
204,41,8
197,112,196
149,14,167
70,222,23
214,179,193
224,93,220
217,128,115
59,13,6
2,227,244
187,206,235
171,242,149
224,225,107
38,152,105
204,12,228
190,210,131
16,84,182
47,148,243
143,198,150
147,12,125
64,206,171
3,10,164
42,218,237
156,164,74
173,161,83
221,213,159
98,81,4
131,38,235
245,3,100
227,86,206
22,31,85
40,226,195
74,195,236
177,38,85
212,121,239
95,25,71
169,210,193
103,39,199
130,0,227
135,47,254
146,92,166
241,140,29
69,98,6
236,133,198
160,238,192
48,54,219
22,221,178
235,123,103
110,188,55
83,211,196
4,252,105
132,199,136
129,35,99
69,172,251
249,84,185
222,240,236
228,22,218
230,128,38
74,115,85
193,212,66
116,235,40
30,40,167
192,234,62
215,56,37
109,118,25
92,196,37
24,244,23
209,255,220
202,77,83
60,195,184
131,26,68
33,33,184
219,28,23
222,70,238
51,3,84
134,152,212
128,197,241
35,178,18
192,109,25
145,89,32
209,18,106
96,254,162
23,205,12
245,199,83
226,224,108
46,105,243
83,67,110
115,116,17
226,95,120
19,176,5
46,43,79
186,71,92
3,143,104
205,28,156
51,59,100
185,253,139
60,86,131
23,248,203
243,249,202
213,203,224
150,242,2
246,247,99
39,3,232
28,2,158
118,37,96
211,9,163
147,37,30
71,42,161
246,203,198
152,214,216
114,223,70
96,209,200
196,233,204
71,130,238
168,247,186
50,168,72
72,192,12
31,246,88
225,103,171
63,22,41
251,68,215
231,212,209
233,11,221
224,105,21
35,149,182
73,67,182
133,120,23
108,12,21
127,196,222
204,112,26
187,209,49
24,92,155
228,133,195
135,130,12
209,203,102
203,29,45
197,132,106
238,66,93
18,28,9
181,71,127
135,137,247
210,19,120
64,195,135
159,167,138
172,88,9
74,34,202
139,13,20
161,142,152
227,133,148
74,88,86
188,42,151
252,34,252
108,228,55
213,182,50
199,217,194
63,150,6
135,216,72
218,33,71
160,92,201
221,76,145
38,160,58
31,36,4
158,20,145
121,122,187
181,57,162
50,50,153
76,212,245
220,200,36
72,175,57
7,33,86
225,147,147
111,173,110
236,176,152
1,106,65
47,22,175
66,115,121
152,215,45
52,221,85
144,251,59
52,178,85
248,192,51
219,173,174
157,101,16
152,39,179
44,229,137
89,196,114
183,132,186
45,249,60
26,234,244
5,119,110
59,49,173
114,166,174
74,63,120
155,206,100
243,87,144
238,123,206
157,131,111
73,241,100
91,86,37
202,37,83
136,76,30
71,158,117
235,94,128
2,127,93
204,190,227
78,172,76
64,211,0
154,89,208
161,224,132
127,16,86
53,186,211
111,6,68
157,132,131
216,144,112
154,247,213
48,165,209
208,90,182
50,137,115
181,92,232
162,98,103
193,201,6
232,31,111
229,190,36
80,62,175
34,117,179
133,66,134
225,194,150
115,172,245
200,202,4
90,252,130
248,227,224
190,116,231
135,41,42
227,132,169
85,211,111
162,130,161
74,31,64
212,38,31
132,238,11
237,44,79
143,233,243
254,130,8
136,57,43
105,90,123
156,66,131
120,88,137
200,245,30
153,156,110
30,240,117
212,59,100
46,115,156
180,183,110
77,183,67
40,96,25
243,16,109
175,72,236
95,160,208
210,180,82
115,226,229
252,96,141
21,183,168
93,125,118
155,145,229
119,255,60
188,36,119
68,72,224
173,252,140
202,98,192
86,29,216
139,141,191
23,209,68
169,121,221
33,103,41
234,17,175
130,164,150
174,242,208
161,26,238
196,253,226
150,135,129
140,57,51
197,12,71
203,216,224
101,242,7
236,136,156
230,43,5
203,1,170
84,120,202
199,57,126
211,162,74
232,188,198
128,31,47
2,140,109
49,47,246
59,115,83
200,201,41
143,27,18
228,205,94
151,204,221
190,149,46
213,108,183
125,51,128
37,161,71
84,139,180
112,174,125
146,57,117
120,149,187
187,143,203
110,63,96
147,219,194
94,165,115
127,142,88
63,200,133
168,200,230
183,71,2
143,75,77
197,176,104
235,135,210
183,251,2
111,189,116
182,66,226
147,96,30
132,165,195
70,44,46
18,236,6
11,65,76
245,41,244
242,161,113
137,185,192
146,0,27
163,94,207
59,194,198
10,37,135
23,248,155
170,150,22
59,204,124
109,27,78
161,128,120
233,134,28
95,160,50
216,95,151
186,87,121
220,251,232
187,81,180
59,168,251
48,115,109
7,238,55
177,177,35
76,89,122
16,115,161
70,57,133
53,179,142
41,105,82
45,170,222
249,235,129
19,62,161
122,68,149
160,211,134
28,134,27
94,73,87
116,109,22
212,204,7
185,28,70
40,72,72
204,8,171
5,47,113
187,236,17
22,253,181
65,72,119
91,4,7
145,195,74
68,240,197
206,204,222
100,185,36
20,205,145
163,158,190
232,108,225
90,10,73
69,109,107
105,205,51
167,247,238
72,8,61
70,114,234
212,97,55
101,198,49
9,201,225
94,65,95
5,241,50
251,245,81
60,67,154
189,23,130
140,33,21
1,38,245
168,12,111
145,43,106
229,16,122
225,167,122
225,94,13
204,121,63
234,224,238
72,137,169
180,34,59
235,48,124
25,67,11
115,199,19
171,238,74
155,11,96
98,245,216
172,164,201
162,161,100
240,186,84
16,202,242
100,230,43
31,145,11
68,2,199
58,80,8
153,125,217
55,37,61
179,1,144
228,181,151
18,244,17
118,145,185
167,43,6
245,74,5
62,49,183
245,122,207
28,255,47
166,240,4
59,184,141
53,249,249
169,243,18
182,82,62
160,209,229
103,41,14
101,35,148
155,38,165
224,155,158
200,183,68
156,167,117
125,216,131
215,160,162
16,140,78
32,68,212
59,93,16
251,72,106
25,239,201
218,41,111
171,237,35
223,125,62
212,17,81
211,150,29
100,95,198
130,125,106
192,12,4
129,68,220
129,163,170
135,242,174
42,57,14
82,239,81
66,110,119
221,148,53
90,20,98
231,147,11
219,45,59
5,113,159
220,163,187
139,236,39
150,166,60
86,29,251
28,119,224
58,79,167
76,33,89
25,234,213
226,154,60
15,24,123
89,219,192
143,250,171
192,97,28
180,2,151
254,99,19
39,203,44
138,88,44
129,227,251
149,253,213
66,127,37
97,145,196
231,84,31
57,106,148
79,53,253
90,1,116
250,43,74
139,194,56
55,201,191
58,57,254
59,205,242
29,31,82
152,53,88
8,161,91
146,52,180
124,153,138
221,39,109
178,211,248
230,99,6
234,197,55
192,93,107
22,243,136
1,202,2
212,222,232
212,236,108
103,200,142
232,64,246
137,27,72
198,248,87
151,65,195
166,127,64
197,237,242
188,155,12
54,40,176
217,196,215
24,20,240
32,245,69
173,23,90
170,224,28
225,162,136
84,219,197
167,23,161
82,159,31
144,203,161
10,86,91
183,230,137
241,77,189
119,40,62
7,182,93
79,19,185
97,103,255
6,107,200
199,227,154
222,180,164
92,54,54
16,96,134
130,174,91
172,52,170
136,119,24
38,120,199
210,247,145
3,145,53
250,159,125
24,107,212
50,144,106
226,192,104
91,183,8
132,157,3
132,103,116
63,83,202
130,8,166
21,188,122
186,96,10
115,31,82
130,253,125
253,108,220
173,207,45
251,44,23
76,63,127
55,14,15
130,217,34
14,216,230
241,190,3
68,17,78
249,206,75
39,193,223
211,222,137
73,99,207
84,209,134
93,104,212
120,233,97
173,202,4
164,54,69
143,54,229
23,2,61
236,172,128
26,8,150
61,111,42
242,141,168
112,229,144
187,228,176
184,247,165
70,159,246
46,208,160
104,35,44
238,187,34
59,92,253
145,175,227
180,5,79
68,182,143
82,210,74
27,136,183
26,204,243
20,179,156
228,10,166
68,53,86
5,126,179
165,153,195
215,115,45
110,217,249
27,136,50
193,168,9
137,17,11
44,71,212
211,156,104
186,243,251
248,109,186
20,157,146
85,123,158
141,140,248
63,215,24
197,98,133
111,176,138
196,31,202
36,167,84
110,252,208
24,177,153
57,220,83
145,127,25
160,137,168
193,134,186
165,243,252
52,224,152
77,122,86
51,79,239
244,12,237
144,245,62
138,104,101
37,30,95
137,241,102
73,243,213
31,152,238
5,52,142
212,233,107
185,27,113
24,117,251
210,167,180
79,77,45
149,200,176
45,166,115
84,105,250
19,140,58
84,57,25
45,79,110
237,2,253
34,177,143
17,118,192
187,208,94
235,198,117
40,153,87
138,152,131
80,210,105
160,5,182
105,153,8
85,123,217
176,50,215
193,6,215
228,174,161
51,5,212
102,58,206
222,41,195
103,104,144
145,244,173
222,200,204
187,216,152
245,228,33
0,80,129
234,88,255
204,118,65
174,167,153
116,146,238
96,143,196
109,138,233
16,146,115
51,236,149
88,42,95
200,139,129
136,3,124
98,143,82
54,171,122
107,31,23
182,83,34
212,13,4
96,117,233
205,234,168
135,101,234
251,44,163
92,177,136
100,21,135
212,128,207
230,165,15
158,139,94
128,109,163
161,250,213
251,207,53
26,238,18
