13,57,71
132,175,228
140,65,27
198,62,84
29,63,228
124,71,144
5,197,158
20,42,244
136,21,208
117,13,50
98,207,57
16,6,153
166,174,35
97,28,40
218,37,197
238,108,132
238,30,4
93,213,164
242,131,203
160,32,173
60,59,16
20,119,187
249,129,170
238,78,10
75,98,12
213,177,181
49,239,15
71,115,100
176,144,194
167,136,45
200,158,29
97,203,91
112,180,218
51,140,249
144,107,178
68,81,137
255,88,34
162,105,87
146,76,1
111,5,152
127,51,125
56,48,203
185,224,60
5,208,252
0,211,221
130,233,15
168,5,82
111,54,16
130,121,75
187,32,204
20,46,46
114,39,96
110,145,61
93,76,95
102,82,220
162,63,251
85,57,120
46,24,43
7,128,16
240,225,110
194,50,147
105,245,110
225,78,193
103,84,76
73,162,43
135,211,12
23,126,8
19,41,79
130,156,51
125,138,215
54,147,204
158,181,237
75,205,184
49,251,189
91,9,100
238,102,76
183,21,129
244,62,41
193,49,52
54,140,40
21,52,25
8,243,170
17,231,118
235,36,53
50,73,166
164,189,50
211,178,239
86,78,202
60,49,10
85,60,50
7,4,124
36,141,158
122,68,36
233,223,117
111,2,12
9,237,2
111,73,111
52,39,193
156,107,188
165,206,99
113,142,175
228,11,20
23,220,136
105,242,30
199,21,87
156,180,68
86,32,35
181,21,186
71,138,51
129,27,200
23,160,136
7,13,85
143,116,253
9,193,184
13,149,103
181,67,239
240,22,65
100,80,61
24,32,28
67,95,78
142,122,96
179,19,26
73,100,135
218,197,55
24,79,167
222,14,52
187,147,61
81,249,177
203,186,164
98,122,244
32,99,213
157,207,10
10,160,231
248,231,94
185,245,217
48,12,145
224,134,232
107,21,140
151,9,167
15,1,68
55,150,85
15,131,135
157,109,229
162,175,224
145,120,177
241,200,202
56,160,226
251,18,17
247,163,153
102,250,181
208,151,206
157,162,67
250,153,103
240,72,184
219,96,106
241,59,192
203,122,95
130,145,238
50,122,3
255,64,190
193,234,96
186,182,142
178,72,126
12,44,179
24,7,50
149,184,57
144,250,128
99,196,221
39,219,203
20,39,128
101,224,73
186,21,107
43,253,25
117,130,178
136,15,157
102,96,191
250,174,225
204,185,171
29,51,96
235,214,21
65,133,99
31,196,251
53,62,156
215,67,133
26,239,19
250,141,154
43,65,252
136,94,250
18,46,122
109,49,99
108,252,66
133,197,3
234,185,109
170,88,236
113,157,106
72,155,72
101,84,157
145,120,188
234,165,38
61,230,179
29,98,167
87,71,54
111,87,68
34,104,62
37,231,61
187,117,15
44,194,120
19,91,169
9,217,133
229,53,74
200,126,251
207,96,133
151,185,55
121,104,82
221,122,148
155,53,219
5,92,34
199,176,47
27,176,249
163,89,5
19,1,211
147,108,181
35,57,170
7,40,172
109,150,100
42,215,26
86,182,17
188,161,166
45,206,198
118,8,239
155,225,244
193,246,226
81,77,130
11,172,127
29,86,79
95,27,2
32,173,107
58,41,184
200,95,104
65,140,99
199,243,253
194,177,117
198,56,56
149,43,30
246,223,155
132,6,96
187,39,105
1,107,72
25,188,215
187,56,104
241,169,29
150,251,151
197,132,230
133,174,206
125,24,145
56,159,242
85,35,123
206,75,152
88,9,196
219,247,98
71,7,217
169,65,80
195,236,198
195,175,134
33,173,126
229,61,27
75,30,13
119,106,155
90,1,249
79,206,179
224,144,72
210,70,178
108,6,111
117,235,18
149,153,148
121,63,163
52,146,227
138,185,154
54,180,142
106,218,135
28,177,84
249,235,164
212,18,101
130,79,47
52,76,39
88,214,191
254,160,169
64,151,187
64,66,156
18,243,228
91,89,72
31,19,215
220,77,89
152,25,26
181,99,165
6,203,37
11,252,61
200,72,85
173,236,187
128,208,131
155,235,212
68,184,89
230,195,176
196,93,127
56,116,100
88,207,40
247,0,211
108,161,209
89,65,205
159,162,157
232,228,84
230,69,142
117,120,73
93,237,1
1,16,105
116,105,22
174,158,75
235,189,171
131,65,150
104,53,131
223,183,67
45,106,229
157,160,146
11,75,149
56,220,159
181,167,208
90,64,203
59,69,68
94,140,3
6,75,117
122,147,36
226,33,159
155,18,241
214,120,237
186,30,57
113,88,117
236,109,2
21,219,16
29,121,204
98,38,194
222,7,57
199,108,50
73,131,107
111,26,202
11,214,78
42,67,228
190,78,97
1,91,131
242,165,253
30,87,203
109,25,142
228,230,42
91,71,250
243,101,103
223,81,142
32,189,183
231,214,41
55,225,93
91,33,240
239,39,155
193,136,68
105,160,151
43,20,73
179,164,120
0,18,42
114,219,211
87,242,235
251,213,26
198,130,106
125,100,247
207,5,80
15,193,121
19,94,135
236,89,189
105,30,157
73,21,42
165,51,78
30,169,137
86,15,207
252,48,46
127,35,76
254,171,184
90,159,166
171,7,1
133,146,10
159,217,25
129,18,69
16,33,125
81,77,149
247,32,5
211,240,156
129,138,37
138,5,3
203,87,83
41,139,44
54,33,237
234,220,6
175,199,28
88,80,244
157,163,178
89,76,185
6,143,199
88,30,159
193,243,68
44,186,6
169,76,11
31,200,37
219,123,240
252,91,169
193,60,4
204,235,11
135,81,138
171,4,103
208,156,216
146,209,74
4,209,85
96,118,77
217,9,174
249,217,102
211,253,246
76,66,144
220,143,231
161,214,125
6,153,29
111,64,211
252,217,88
124,79,72
148,131,244
187,125,191
51,34,97
98,88,49
10,139,97
200,142,134
9,43,24
168,241,75
142,136,157
223,34,225
59,26,66
253,83,228
12,86,160
88,181,148
169,147,206
39,216,229
205,180,94
16,134,62
126,84,155
89,107,200
206,102,175
199,171,121
222,115,35
197,165,18
0,102,20
119,160,105
220,126,117
63,225,88
72,93,197
175,62,194
46,15,13
142,154,162
248,102,222
110,96,53
113,178,228
126,80,87
120,235,0
25,73,210
239,154,21
194,210,135
73,99,126
90,182,248
142,232,39
31,138,219
251,160,79
155,193,252
174,91,93
9,91,52
3,181,152
169,153,34
206,233,47
92,214,248
230,99,78
243,23,100
239,10,194
165,198,28
244,171,164
82,117,82
240,64,69
71,89,90
144,201,234
1,106,254
148,48,184
20,11,12
181,173,14
54,6,65
195,186,31
205,120,249
128,175,219
44,34,73
178,159,234
188,141,221
115,104,211
77,162,19
180,44,21
158,155,28
221,125,1
198,6,37
159,10,37
134,232,125
226,181,123
152,142,174
178,231,145
118,63,165
78,107,115
123,76,59
234,186,207
104,242,167
185,67,156
75,166,70
220,176,33
151,76,24
196,109,175
240,114,123
57,140,140
226,199,131
62,116,82
204,94,143
211,144,162
16,212,47
72,101,23
27,34,99
199,253,158
84,53,156
213,182,38
187,28,145
29,206,85
241,144,100
71,218,89
122,129,165
191,22,247
224,27,227
157,223,132
53,187,248
68,151,35
93,223,98
38,251,45
53,21,160
75,15,224
253,167,12
157,13,168
99,2,128
39,71,192
249,205,3
222,208,85
143,83,211
237,198,144
216,225,67
228,89,167
143,17,6
19,72,223
66,80,134
22,7,206
76,39,238
43,191,149
255,192,153
54,8,183
248,189,157
10,237,171
36,187,210
215,24,46
13,60,98
76,165,183
108,8,239
157,71,20
24,38,193
128,66,23
39,231,147
87,126,38
62,34,10
231,53,162
229,225,149
88,91,234
127,97,170
158,157,63
51,9,45
176,88,233
243,182,80
10,31,85
1,186,195
138,142,20
14,14,243
117,175,211
33,208,20
160,22,114
109,208,67
115,80,107
213,119,74
36,216,177
158,229,53
66,213,250
46,64,244
228,244,130
140,245,7
179,64,129
153,63,142
25,204,46
254,32,190
197,22,239
228,125,162
193,194,195
154,192,15
88,201,5
70,50,154
247,229,235
102,112,191
217,247,142
234,243,195
33,46,6
186,167,118
97,63,246
186,74,43
16,98,52
120,123,77
245,69,26
76,135,178
220,76,98
19,22,85
43,192,43
206,10,83
18,245,113
95,189,172
106,131,113
48,53,238
49,92,190
154,60,227
40,76,131
197,68,55
80,41,219
35,101,185
208,43,92
83,19,92
58,238,175
246,103,55
5,22,31
237,226,83
58,21,213
107,200,91
119,40,20
183,87,104
235,197,23
171,198,144
134,250,250
62,150,15
143,197,175
125,109,67
241,21,254
84,58,180
225,44,166
246,158,241
39,215,69
207,165,101
132,156,150
65,198,205
223,129,20
12,231,243
141,238,236
223,113,99
254,226,64
157,66,154
222,98,117
188,192,28
87,230,225
44,37,239
127,93,38
198,251,45
106,203,72
37,198,232
94,121,246
69,128,78
68,208,132
216,119,130
75,107,175
149,188,168
190,130,192
99,3,85
209,53,54
66,81,66
155,55,11
201,67,3
111,60,170
4,129,38
28,154,19
168,231,224
53,86,51
20,125,135
145,235,199
74,49,59
220,155,181
202,204,160
207,143,242
4,225,205
222,236,34
55,209,68
245,175,40
64,177,31
135,216,241
215,174,216
49,0,145
182,88,37
30,41,32
20,10,132
225,7,243
5,181,25
47,98,94
90,130,136
10,92,164
39,85,184
129,67,246
0,79,62
143,210,75
23,137,76
220,209,98
179,52,231
209,245,245
111,107,100
2,188,96
131,25,114
25,233,23
95,59,173
74,155,173
94,167,211
226,255,218
17,161,122
68,179,197
71,130,118
139,241,159
216,233,224
102,201,171
166,55,153
80,127,12
45,179,248
165,19,131
90,149,163
154,186,73
253,211,31
158,19,133
4,185,158
211,67,12
169,178,6
242,158,17
185,107,148
97,147,13
72,21,140
148,9,65
120,172,202
112,10,81
185,200,24
5,84,23
1,187,98
87,190,221
188,138,192
208,252,68
170,244,116
43,144,151
56,234,30
195,5,17
90,24,168
92,236,169
161,11,194
86,166,249
233,171,52
221,251,4
228,21,182
216,62,239
160,95,172
121,241,52
99,239,26
202,245,54
90,93,88
156,90,103
14,250,96
66,133,245
57,82,172
90,21,110
183,6,84
59,252,42
170,68,166
175,218,138
37,220,149
127,167,161
142,78,232
94,69,23
164,182,214
204,184,58
143,183,240
131,20,81
142,158,77
38,231,125
102,99,75
193,208,178
40,51,252
180,40,173
140,143,43
3,108,61
66,223,57
218,246,119
188,107,6
50,103,190
39,25,68
14,226,116
163,154,89
110,19,90
22,100,149
69,38,167
62,36,125
245,167,249
87,220,212
150,143,182
226,135,100
216,185,252
178,234,150
142,217,15
237,7,244
27,2,148
43,226,37
202,204,205
200,207,31
7,194,149
87,58,255
155,101,198
114,153,88
76,174,14
111,192,173
103,3,12
93,88,12
0,175,253
4,242,226
66,99,35
73,177,209
53,164,11
146,0,71
0,206,68
100,179,107
133,231,92
22,45,210
181,37,171
95,177,141
39,223,35
120,108,141
53,21,60
44,65,21
50,28,249
59,216,94
84,123,24
251,20,162
37,141,137
186,135,160
166,80,220
199,59,140
119,20,57
232,32,46
80,66,60
185,97,47
166,213,249
53,45,136
236,160,236
237,81,15
253,94,253
3,214,247
223,179,211
199,191,245
62,44,2
183,247,124
157,189,184
172,130,251
16,128,224
38,167,248
129,253,214
244,232,225
193,79,247
113,132,227
218,146,141
144,111,134
155,163,247
158,239,65
101,38,168
32,143,155
200,84,218
205,185,165
71,68,40
99,243,135
86,111,4
5,124,117
114,251,118
68,165,119
229,158,121
22,49,206
29,3,139
165,157,147
51,206,170
98,71,246
88,180,223
170,168,198
225,188,236
170,70,170
26,238,84
42,4,100
54,57,143
225,81,7
53,234,64
88,206,9
10,68,91
34,55,18
102,151,218
12,127,138
95,16,143
107,211,76
43,71,221
46,251,126
101,227,137
196,150,24
50,180,138
253,160,151
140,63,232
13,64,166
115,119,27
187,181,10
222,79,54
188,159,154
251,111,90
230,227,182
145,142,213
209,156,86
110,23,120
193,50,230
119,9,168
20,40,106
64,187,73
148,18,42
168,231,45
70,19,228
183,51,93
22,217,203
19,216,89
71,15,203
50,197,30
194,162,43
68,3,236
211,179,109
235,27,252
50,68,189
233,243,76
192,93,101
42,52,112
148,127,98
199,251,211
114,134,1
240,252,156
118,241,184
156,162,244
119,100,168
190,34,170
213,213,82
150,177,208
119,121,28
184,197,188
252,179,109
194,55,23
228,111,21
124,82,179
151,111,45
230,60,107
86,238,148
54,23,34
71,253,157
221,111,181
16,10,108
58,247,241
55,37,173
68,209,21
86,35,114
145,119,255
111,16,5
24,173,119
172,205,79
36,209,70
126,176,23
54,101,0
235,173,207
26,16,111
169,194,102
1,24,89
183,72,120
5,28,189
230,201,231
165,74,62
253,11,131
120,74,164
15,165,235
91,103,176
173,217,48
242,240,4
198,120,159
85,79,226
33,197,92
119,114,238
58,54,123
205,164,26
241,212,195
146,229,209
228,237,54
82,161,45
161,96,200
144,241,9
20,216,127
154,247,74
22,162,61
188,189,128
84,165,163
92,63,95
8,34,98
225,27,21
169,157,92
205,155,235
132,224,241
92,213,229
221,128,161
166,247,153
149,78,84
218,186,43
95,12,214
12,189,249
181,130,183
155,52,16
131,87,241
8,248,61
61,248,137
81,149,108
65,23,93
46,34,108
118,164,126
76,2,190
198,115,186
39,57,176
86,47,242
179,67,106
227,40,171
111,229,197
130,169,230
94,16,16
234,155,152
90,251,235
144,93,221
239,43,121
76,69,53
20,190,202
125,104,205
25,186,114
230,6,192
196,195,111
115,66,204
163,200,247
220,45,195
56,180,12
45,232,144
233,65,139
165,85,39
249,240,53
218,132,11
192,147,12
205,245,13
113,61,222
95,118,87
11,65,77
53,49,202
132,70,54
200,6,119
160,211,166
248,89,158
182,106,171
125,11,160
151,39,114
136,15,160
137,210,194
148,108,35
224,77,204
227,2,152
201,206,159
51,34,214
166,38,114
43,201,213
28,21,212
108,60,22
12,230,252
117,148,223
16,150,76
172,143,112
105,39,8
144,217,13
88,63,97
8,137,248
237,227,94
103,43,28
187,173,135
20,158,157
195,12,238
147,255,166
209,87,135
169,123,78
110,96,105
197,13,61
242,201,165
28,224,42
10,97,97
156,88,216
28,18,248
178,126,20
91,90,155
225,71,219
252,24,240
207,207,250
229,94,53
31,180,193
22,114,163
178,40,210
161,249,122
105,237,80
57,228,249
65,226,224
157,196,236
13,120,106
229,103,239
223,37,132
158,107,205
255,132,60
83,113,157
28,47,81
158,252,229
7,85,239
141,95,245
76,91,215
182,15,226
75,197,247
121,170,53
157,12,125
225,152,160
220,119,255
31,118,148
187,76,224
255,29,223
205,233,49
146,213,109
94,234,220
63,159,17
233,64,83
162,5,120
20,35,113
4,68,159
149,150,188
215,123,155
97,91,167
168,153,63
121,49,98
195,143,69
227,81,171
38,102,127
58,103,30
154,246,156
32,18,63
53,218,33
108,254,146
77,126,78
239,64,72
150,237,48
164,121,160
252,61,94
114,16,235
178,179,4
60,75,8
182,253,21
12,19,144
4,173,122
250,145,134
32,232,175
203,51,223
149,83,8
255,45,147
157,111,227
107,185,227
136,67,26
136,73,146
103,73,193
125,136,225
125,29,32
215,203,198
39,197,119
46,21,126
248,165,139
194,217,253
56,144,187
92,191,235
229,150,112
57,86,244
171,87,164
110,254,114
111,104,227
8,82,230
117,191,210
100,227,246
45,37,40
203,208,224
118,149,19
76,61,212
184,133,35
122,187,122
217,21,127
18,141,204
24,102,20
194,175,154
45,30,175
194,251,231
45,25,197
189,227,170
109,144,209
224,169,124
96,77,152
10,185,151
14,27,36
227,114,65
46,128,146
183,37,74
124,134,66
129,10,244
112,147,236
2,147,172
43,95,151
218,195,5
6,206,126
241,188,177
251,92,172
201,124,230
217,61,56
163,113,212
232,18,91
177,201,69
11,161,101
251,119,190
207,58,76
75,194,35
210,1,118
227,138,53
228,22,135
229,196,207
246,237,254
234,152,161
133,122,185
61,81,236
214,159,228
228,15,113
47,212,226
124,254,164
126,84,209
96,248,177
56,78,27
124,171,147
86,25,226
3,127,190
76,121,46
7,54,196
184,81,250
196,39,25
211,89,78
98,132,18
200,136,222
72,215,78
194,7,200
114,223,42
66,1,37
92,95,11
57,238,193
93,59,137
56,103,217
8,185,203
222,48,122
139,174,223
182,83,33
81,89,50
220,169,144
115,163,180
202,247,173
231,152,14
239,189,220
24,173,94
86,92,159
10,234,21
179,96,195
217,52,167
160,151,143
220,24,121
155,200,152
8,91,118
20,147,193
37,67,62
46,75,202
0,153,160
235,52,34
114,222,72
37,159,3
60,65,140
33,7,230
188,65,144
172,88,43
56,128,197
70,177,54
189,239,137
16,187,234
17,83,118
210,216,247
12,58,3
176,228,253
164,169,151
66,234,137
44,7,218
70,43,240
4,227,114
246,225,133
21,89,211
4,115,221
53,125,65
9,67,158
160,154,241
247,230,172
34,68,88
146,161,21
181,229,114
192,0,136
195,248,254
201,180,88
39,82,64
95,231,160
104,80,174
80,72,151
13,183,109
143,218,169
135,39,253
221,39,21
110,36,48
212,139,250
49,224,119
108,196,50
238,119,80
229,231,87
237,165,181
211,45,77
70,249,43
32,219,145
205,227,202
104,107,112
183,177,142
188,6,250
41,88,100
73,185,64
88,235,115
138,244,172
199,41,221
123,199,100
109,165,225
0,3,98
167,70,118
97,43,157
113,205,167
75,82,230
114,8,157
253,65,5
55,95,205
239,187,5
228,58,104
137,85,200
183,115,24
133,15,218
192,49,160
105,227,175
23,104,169
112,227,159
173,98,229
172,103,113
110,151,213
166,51,88
63,172,73
246,23,133
210,145,31
64,213,20
180,195,32
6,250,217
28,20,110
1,204,99
197,179,96
179,144,102
140,33,59
188,123,83
86,46,21
33,83,206
252,239,232
117,115,79
108,84,123
155,176,95
45,18,8
192,197,66
213,252,201
23,73,113
130,185,85
11,234,129
120,188,193
34,185,242
94,233,79
141,173,244
169,92,253
222,35,13
24,50,197
235,54,112
15,51,177
10,60,192
139,104,20
156,64,12
46,142,18
15,104,48
139,84,107
93,0,82
235,74,28
211,157,36
209,67,129
244,153,124
107,122,132
206,78,5
48,178,206
79,167,205
99,189,149
34,119,172
44,64,237
235,57,181
156,0,84
44,204,166
226,98,104
127,31,132
222,125,104
126,191,120
166,216,219
103,72,155
243,29,95
32,164,113
90,169,181
179,175,251
206,132,81
17,150,192
38,4,229
206,107,156
94,48,144
56,3,220
208,78,4
196,129,176
193,210,41
19,204,230
238,155,5
3,172,57
34,137,70
29,178,96
220,215,100
242,146,76
62,131,245
9,234,111
153,186,5
109,83,102
61,89,25
157,22,139
107,45,97
112,111,112
6,214,137
177,181,184
45,237,226
220,166,115
239,32,93
174,162,95
16,172,244
69,236,151
116,33,56
28,104,228
54,176,67
29,123,105
76,25,173
166,138,234
222,140,160
163,232,30
144,89,116
72,192,179
255,197,85
92,91,185
186,133,106
209,112,121
184,156,21
142,19,97
106,173,205
179,179,96
141,40,105
252,198,56
100,78,98
102,64,57
163,182,27
250,24,55
35,10,199
60,57,137
42,221,34
90,186,214
205,57,199
94,110,52
113,214,183
215,219,103
140,250,20
55,154,246
132,228,112
207,5,107
127,29,21
23,205,143
139,108,241
121,49,207
71,43,49
127,10,69
222,90,129
211,162,187
47,183,177
127,241,63
59,152,2
157,40,55
205,185,89
199,123,235
0,170,222
63,162,251
107,123,207
241,167,148
173,227,218
61,1,79
13,143,86
70,71,192
35,233,187
115,100,224
71,149,244
177,8,157
254,152,240
251,126,11
234,7,82
250,11,3
80,105,65
138,195,102
205,183,38
53,159,143
147,20,244
205,181,33
169,197,35
132,15,19
210,143,166
56,157,195
64,58,250
24,34,83
55,98,140
151,210,113
240,16,103
21,179,115
11,88,253
152,45,114
20,136,71
14,57,51
206,174,103
127,92,92
149,174,200
178,1,95
62,221,92
228,178,116
68,152,64
82,203,138
208,230,34
186,177,161
161,202,155
189,56,215
142,233,216
184,81,86
18,128,52
93,155,218
162,221,172
154,149,96
239,226,217
189,118,94
58,67,210
5,142,189
2,89,42
0,170,201
61,11,71
228,95,35
144,250,201
72,188,64
246,182,142
114,190,209
160,66,179
121,75,176
123,171,197
61,98,58
175,192,170
243,72,140
183,189,184
144,10,35
17,5,225
222,59,182
168,6,29
59,110,173
220,115,27
221,55,6
208,31,250
92,229,143
78,97,86
143,229,159
48,31,14
189,44,152
136,47,32
88,166,176
81,162,28
17,49,153
50,186,147
88,170,129
219,237,237
252,163,4
231,216,255
243,213,166
39,100,41
220,160,131
19,58,174
130,89,131
97,152,137
25,127,192
67,5,146
166,255,225
170,120,160
75,106,88
78,203,123
212,139,142
117,247,155
113,101,30
250,225,80
193,168,201
240,41,124
149,91,226
96,78,128
96,236,188
214,166,182
71,167,169
3,183,57
124,18,249
37,229,214
103,21,207
179,179,160
240,242,106
130,7,179
215,39,8
46,81,248
250,54,98
136,164,203
247,247,87
228,19,51
64,171,215
69,253,19
254,131,98
165,203,140
226,245,51
235,113,216
238,39,35
112,169,166
88,5,75
193,58,118
232,233,52
218,178,175
166,29,43
232,243,233
60,134,69
230,225,153
165,137,68
82,49,38
62,210,31
73,205,106
235,4,78
235,241,89
249,59,115
59,187,108
250,4,207
128,206,164
21,225,49
181,130,114
215,208,33
190,56,107
141,166,162
60,229,33
214,109,241
50,184,251
188,95,138
12,46,216
53,79,86
39,252,148
76,83,124
54,244,199
190,66,120
165,172,13
116,40,112
206,58,244
213,7,130
57,156,197
250,50,19
210,130,43
8,35,34
86,109,220
133,119,57
142,219,42
198,220,112
138,140,170
154,61,94
251,124,238
52,94,38
57,181,24
91,174,60
200,231,41
200,95,79
226,71,173
209,146,38
128,86,253
175,221,152
88,202,52
200,253,235
101,134,215
55,252,161
227,28,119
125,109,112
54,200,183
219,50,39
198,203,98
171,30,10
99,88,33
34,57,190
178,175,236
251,232,206
133,186,72
242,28,158
182,1,227
223,137,138
245,34,141
191,21,20
66,200,212
75,43,144
103,42,122
34,15,87
17,28,134
2,53,119
53,148,94
166,227,187
141,139,117
210,113,196
32,79,57
179,10,52
104,136,126
138,118,64
163,109,79
20,74,247
63,187,194
122,27,198
185,5,245
140,132,246
67,220,187
87,194,111
9,72,141
77,124,176
158,154,27
94,180,70
160,181,104
31,97,82
68,53,6
29,35,208
170,145,201
162,130,126
109,94,45
93,7,160
254,31,148
26,203,187
19,223,26
183,233,138
117,5,156
84,128,255
105,27,207
233,174,23
254,252,52
118,63,88
142,134,17
27,73,180
76,173,107
18,8,234
170,214,5
123,125,148
48,195,218
4,235,241
239,162,217
238,177,213
119,165,141
0,231,149
201,201,198
136,35,38
235,140,141
240,154,22
55,225,29
61,112,2
67,167,47
65,159,140
160,54,211
107,143,38
43,10,244
125,183,218
209,79,120
10,12,163
9,34,2
111,167,156
234,248,120
254,249,147
107,81,37
182,107,235
199,91,241
90,98,222
232,77,38
115,210,128
8,223,231
221,107,159
184,144,175
52,112,74
219,55,25
132,245,113
53,91,87
45,134,189
231,218,143
112,228,165
113,195,254
132,49,136
152,168,78
92,236,241
13,181,153
23,0,228
202,151,196
124,153,105
148,235,234
248,0,254
239,83,181
11,136,142
126,108,248
132,129,238
219,182,244
100,219,44
29,181,223
21,35,197
218,203,136
3,63,74
226,229,61
124,96,188
185,122,178
220,217,5
99,109,101
209,144,96
171,28,14
61,243,35
132,119,142
109,15,207
254,44,220
168,103,53
75,57,157
165,203,136
62,69,199
5,129,214
2,108,16
255,181,69
95,64,248
153,117,71
181,70,43
228,17,150
3,228,79
209,127,85
116,240,198
71,241,157
255,240,87
75,250,49
175,21,137
67,156,177
138,47,104
226,213,91
244,139,56
252,135,146
111,79,200
160,32,81
192,108,97
199,238,68
141,119,140
115,129,35
228,246,8
106,36,253
63,176,218
120,49,133
248,105,203
113,140,80
220,123,67
224,109,56
29,65,205
22,218,199
110,106,142
22,217,30
187,95,252
247,217,35
138,61,139
204,105,193
70,245,184
149,187,16
0,53,28
78,153,247
140,164,166
172,220,55
20,151,182
32,92,215
48,197,43
171,82,34
13,10,124
10,98,234
178,109,184
103,57,27
116,205,165
116,24,106
48,82,46
255,8,225
238,74,14
248,118,0
32,34,166
68,159,83
103,15,63
196,30,104
148,149,247
43,232,24
53,155,87
48,148,100
165,15,245
193,135,187
79,17,224
20,205,147
233,52,72
236,193,213
197,92,2
99,177,233
51,143,146
149,26,199
79,96,58
29,76,223
166,69,220
79,79,232
112,99,89
205,9,255
44,249,174
119,102,149
118,206,1
104,6,252
202,114,38
6,205,255
68,81,27
68,178,78
231,33,131
180,154,199
152,148,22
175,109,174
137,36,0
44,109,194
10,144,233
0,103,16
221,252,142
176,187,136
133,17,100
103,217,93
243,48,56
172,89,247
113,228,139
26,29,41
41,28,61
90,154,84
34,70,69
19,90,150
88,52,191
192,248,178
91,113,21
61,55,206
34,184,203
225,119,222
139,63,114
14,227,42
22,117,192
194,79,27
206,102,24
185,115,244
109,75,55
111,190,128
157,87,69
66,38,65
197,16,147
145,130,201
158,198,175
113,132,141
48,246,75
47,21,20
247,186,241
219,22,184
118,85,104
30,9,107
152,204,44
113,216,65
121,36,46
140,106,149
161,166,234
154,181,249
121,29,17
115,38,253
34,117,97
57,236,6
2,76,1
43,250,66
16,124,249
199,188,191
62,245,99
14,253,160
228,194,166
41,101,44
152,84,80
112,207,160
98,99,255
124,213,125
64,90,30
16,172,165
242,206,223
164,210,140
135,23,250
156,29,33
25,98,241
55,182,202
253,217,115
46,98,23
16,56,152
112,93,128
4,5,23
245,35,70
73,58,157
84,153,121
254,202,225
45,238,188
33,46,90
234,186,232
0,18,188
95,151,201
153,160,57
236,231,32
42,188,218
59,113,199
52,241,54
40,216,101
53,135,136
159,212,129
213,94,145
92,154,9
90,119,227
134,33,44
11,156,158
62,245,38
227,167,112
79,187,37
40,177,42
119,200,204
193,100,140
201,2,8
82,186,54
157,251,45
143,40,176
202,233,164
13,103,58
253,66,209
149,165,10
140,37,118
18,188,18
247,228,220
164,58,152
179,33,64
250,143,152
90,249,216
46,109,0
232,93,214
215,228,113
245,245,5
191,20,112
2,60,90
6,224,192
71,157,34
120,18,79
170,240,107
165,207,150
135,210,148
164,253,123
130,63,156
36,109,112
236,248,133
85,134,173
164,216,235
124,75,114
116,131,241
233,63,214
247,23,212
44,52,31
114,249,167
255,114,150
42,110,108
120,159,228
23,26,51
132,95,54
16,189,218
39,168,121
117,155,249
116,242,183
178,164,27
49,112,93
112,212,222
30,189,221
223,252,54
77,99,31
82,245,159
86,249,59
136,106,98
68,52,165
184,40,19
73,157,38
238,195,167
183,27,44
225,236,211
109,166,110
161,174,11
147,187,242
120,172,140
200,82,77
41,116,235
15,252,230
166,238,14
178,32,105
182,92,44
135,174,180
1,68,145
122,134,171
71,210,8
90,237,213
46,235,224
213,126,188
140,212,148
23,182,103
37,34,173
201,171,186
80,108,234
121,187,150
255,231,152
167,224,111
89,146,126
19,99,211
95,136,161
222,56,5
124,253,190
151,86,64
245,176,30
225,161,28
126,84,34
114,142,68
110,253,217
171,215,202
251,119,193
181,245,224
154,253,204
41,162,70
233,186,209
53,40,200
5,38,146
41,37,214
110,180,180
24,140,201
56,144,96
32,99,209
35,179,146
72,163,47
29,113,201
147,206,143
20,91,83
105,84,85
55,2,253
164,151,1
30,249,65
29,67,114
27,207,239
128,43,134
25,232,6
26,79,124
197,79,238
26,57,37
248,247,207
43,68,99
87,150,92
168,75,208
41,44,27
1,25,121
119,67,38
62,216,174
16,48,118
10,174,187
11,46,209
164,157,192
218,122,233
187,205,199
53,195,135
95,143,154
237,252,218
9,119,10
85,65,170
71,138,31
234,161,106
246,157,152
218,30,134
221,10,8
68,62,51
58,54,175
11,194,184
30,14,185
194,65,56
37,54,164
206,89,86
159,18,223
37,233,226
28,216,136
74,40,129
33,131,147
217,23,234
117,186,154
74,50,201
149,10,202
149,249,223
232,130,86
156,43,230
169,168,156
72,189,225
184,25,160
217,41,118
185,55,66
38,218,51
228,232,111
46,148,240
37,145,59
231,159,236
177,55,58
199,215,219
3,33,108
68,101,148
148,120,136
249,254,53
127,153,96
85,221,254
166,29,18
25,227,70
243,110,11
121,1,93
98,80,244
73,192,137
200,68,176
115,97,148
66,220,222
13,204,10
131,27,143
255,162,252
197,254,48
217,68,31
229,225,176
191,70,36
144,207,45
42,65,1
113,219,25
172,181,72
116,54,164
145,187,255
171,129,45
96,153,99
161,58,235
3,85,168
142,126,23
80,212,87
189,49,243
162,179,242
182,0,138
119,67,224
153,96,107
55,110,181
226,92,176
160,232,214
25,149,96
110,81,216
111,169,200
37,157,132
184,205,170
167,217,24
114,239,57
198,75,42
35,91,128
180,134,221
234,158,106
252,191,172
178,12,234
183,28,34
239,55,100
1,37,28
200,173,208
181,252,66
252,136,97
36,123,81
127,23,246
211,155,47
103,44,138
94,250,181
129,12,126
193,86,117
186,31,249
205,132,100
222,18,59
230,53,108
239,139,192
94,177,216
142,20,71
240,53,241
59,214,108
141,63,216
84,121,99
145,6,247
156,45,7
232,201,230
63,162,75
252,227,169
152,151,207
180,157,127
252,136,214
160,86,51
42,109,166
186,130,240
146,17,12
97,180,41
64,65,255
93,16,16
142,232,131
153,6,91
195,59,81
252,74,222
179,144,236
66,57,228
239,118,127
147,160,47
96,74,117
174,148,52
170,176,8
156,14,45
117,248,162
140,178,56
130,100,208
89,0,3
151,244,43
139,173,174
74,229,146
92,248,57
153,64,245
22,230,216
100,14,103
187,81,183
40,118,12
186,13,249
213,115,178
184,105,140
27,193,148
14,91,176
57,227,119
111,145,57
159,123,79
21,144,34
176,152,49
57,125,38
63,145,55
40,237,193
10,207,213
214,228,172
114,171,90
224,1,199
148,218,22
34,106,48
230,0,151
202,180,201
180,182,156
75,73,191
219,70,46
133,135,84
29,52,66
138,50,117
50,202,26
233,101,117
233,252,206
124,50,206
133,211,238
86,169,112
212,76,195
127,110,238
216,102,121
166,71,250
119,143,37
104,33,158
224,99,160
178,82,130
130,131,249
174,80,59
201,213,77
65,215,45
170,129,180
151,82,196
238,133,79
234,206,112
227,90,92
112,225,75
81,1,18
65,174,80
106,32,189
37,44,39
164,93,199
142,50,64
81,61,130
109,109,96
230,16,195
248,71,89
137,58,54
2,172,236
158,85,11
72,80,22
222,37,187
196,191,218
243,127,46
160,2,205
24,114,235
174,49,158
164,226,242
206,13,143
81,179,14
53,42,36
151,77,212
177,176,224
21,1,87
67,251,238
219,185,245
208,0,206
243,87,66
38,46,67
229,107,25
15,213,31
54,122,234
214,192,81
84,173,81
50,1,20
68,79,165
101,211,156
119,68,237
183,103,125
86,51,209
127,106,163
103,128,103
156,163,241
2,174,250
121,26,234
33,106,39
26,93,22
58,178,216
114,181,86
13,211,234
190,251,97
239,28,99
34,154,1
42,234,130
115,221,22
121,100,180
198,228,88
211,47,145
219,54,192
135,75,59
162,128,134
53,254,75
156,45,45
251,14,191
41,151,125
42,127,140
195,201,243
82,33,146
63,162,248
42,110,53
77,209,109
85,168,245
21,129,138
187,26,129
147,65,210
139,42,50
86,223,205
29,48,199
47,106,184
160,72,196
12,170,61
107,190,152
105,141,238
125,252,9
121,220,35
109,225,118
20,18,51
84,252,252
250,175,182
244,47,65
44,41,142
12,148,71
60,16,14
111,176,87
192,140,96
176,22,210
191,53,117
214,127,187
143,87,28
115,11,230
115,14,109
120,34,3
148,71,245
58,85,2
103,241,87
34,190,160
212,48,212
74,227,92
15,255,41
110,237,54
219,111,66
79,63,102
39,24,144
69,160,169
9,213,114
63,116,124
154,141,138
26,125,224
1,177,93
245,134,172
231,5,210
219,200,25
75,173,71
240,160,145
205,4,159
75,37,79
209,0,31
131,108,0
10,249,179
182,230,35
44,248,208
152,30,69
73,134,143
0,199,75
82,157,11
115,16,46
149,145,77
47,250,70
28,107,255
93,251,13
206,224,99
3,207,84
95,172,84
138,56,45
63,171,40
26,1,175
141,149,232
179,211,47
158,222,92
140,20,35
135,96,8
216,212,194
63,30,118
215,239,66
225,135,6
135,148,192
211,123,136
173,40,166
255,28,57
235,169,101
56,255,5
139,92,35
113,224,99
40,175,13
151,198,168
137,4,175
235,233,53
34,252,95
43,158,126
58,199,40
44,29,41
26,28,217
195,27,45
148,62,66
236,126,204
204,69,70
35,10,126
47,83,173
156,121,165
148,66,89
209,175,177
107,96,144
253,41,212
234,188,221
107,21,245
29,158,85
156,184,80
155,153,113
151,129,155
228,61,156
4,230,188
158,228,97
100,160,78
178,28,69
191,173,179
224,32,101
134,35,195
231,45,244
68,95,201
79,65,84
58,1,143
127,229,182
158,93,188
115,9,249
35,220,73
102,251,218
13,159,52
129,200,137
158,133,47
122,156,200
254,172,4
210,110,82
128,219,17
249,143,216
255,230,241
204,24,241
129,100,70
216,70,50
212,128,14
200,60,41
244,190,45
13,22,103
123,211,225
175,240,36
69,254,14
126,54,231
247,83,30
115,21,54
137,137,197
244,211,15
112,121,42
119,255,14
222,65,69
191,81,74
18,66,255
71,233,122
184,147,40
253,201,109
52,34,76
69,43,27
150,67,120
94,241,22
92,220,251
12,181,97
78,101,186
188,109,241
28,149,28
232,24,236
114,136,208
175,209,158
88,193,48
147,209,249
137,45,247
190,143,63
191,100,197
122,190,20
17,173,96
240,143,187
103,194,2
241,101,115
215,180,68
149,42,77
10,100,60
221,183,151
10,41,83
173,215,16
123,136,21
16,76,194
23,121,103
74,98,234
112,111,127
69,51,172
130,116,10
128,105,51
229,65,27
8,157,250
50,140,43
202,99,72
81,184,17
194,253,49
128,21,38
187,116,90
207,131,117
99,187,89
131,156,230
221,227,61
2,68,166
26,79,121
220,145,250
200,138,105
27,76,175
63,1,191
247,67,221
73,225,165
33,158,27
190,28,113
108,181,51
52,6,54
123,215,195
115,120,86
188,218,215
241,218,86
22,82,85
42,73,240
108,180,139
45,235,99
120,170,88
80,245,91
221,26,42
181,164,184
231,112,205
190,117,64
119,32,173
65,97,225
182,1,69
248,218,23
88,162,42
189,166,162
58,217,235
28,213,148
166,183,88
138,121,235
183,198,182
68,250,176
248,179,103
193,245,180
214,69,251
113,163,254
126,59,123
154,0,117
44,217,47
127,185,78
148,50,87
146,91,237
191,59,186
93,54,153
225,142,70
177,117,50
132,15,88
186,251,156
28,23,195
47,84,91
223,108,171
19,106,160
190,5,255
67,213,142
94,103,41
45,3,185
82,95,162
126,167,61
127,227,23
27,1,169
202,186,154
225,223,173
13,141,208
65,166,236
94,26,216
200,146,81
185,9,207
175,162,84
244,203,136
188,229,109
176,174,128
84,178,64
11,137,88
7,199,179
70,183,229
206,99,24
29,244,127
201,35,62
106,151,21
88,231,225
110,239,214
55,67,98
206,253,154
205,196,129
195,174,172
89,5,186
207,237,86
251,63,40
137,223,159
26,40,204
67,117,89
196,204,163
16,57,43
162,242,39
108,124,176
158,202,146
48,219,76
107,32,73
63,65,148
135,54,171
141,88,66
163,161,61
128,61,189
135,166,202
82,59,191
229,31,156
123,120,127
46,35,86
244,49,119
89,202,40
193,58,244
159,184,123
230,95,52
130,99,118
119,164,147
52,5,3
48,109,199
43,101,137
175,49,176
111,14,92
6,63,100
198,152,5
222,126,132
46,39,130
234,54,197
103,127,211
81,121,96
3,46,19
228,31,146
13,225,195
1,9,21
179,51,74
136,248,3
148,8,85
100,131,25
128,28,118
253,250,194
77,43,135
214,188,4
174,153,45
184,138,139
177,162,39
170,101,87
40,182,173
85,14,19
40,31,59
15,0,254
232,74,171
59,140,173
254,104,187
0,196,226
210,224,51
20,198,43
115,226,200
162,243,161
102,145,243
224,32,237
224,94,216
18,1,126
100,58,122
2,111,76
15,165,172
91,250,255
198,146,62
194,204,45
185,85,231
177,98,118
167,231,71
66,91,180
16,40,71
121,169,212
149,208,151
61,137,129
104,95,238
88,133,222
141,166,225
152,164,211
113,56,244
71,241,148
146,94,179
82,239,208
38,222,162
51,154,217
196,220,83
10,121,88
125,140,178
16,198,243
79,2,111
37,63,95
32,68,62
88,147,74
201,49,106
174,124,103
193,182,192
235,126,138
180,145,134
48,39,21
197,172,197
13,113,119
122,87,240
201,91,249
206,154,148
251,132,21
219,128,213
58,174,41
196,117,56
66,46,210
28,21,88
122,94,82
236,71,222
208,71,33
152,213,55
186,188,255
220,217,117
55,217,120
12,106,107
200,115,242
25,155,8
76,63,232
2,135,234
65,54,54
201,106,39
80,129,149
190,148,81
3,155,71
17,179,216
190,36,43
43,77,45
63,108,124
91,84,138
112,123,169
247,122,235
42,17,249
127,251,58
219,106,63
210,144,10
232,143,10
204,204,134
62,198,229
223,185,33
155,166,6
143,3,26
144,20,166
7,204,53
150,238,246
175,20,1
18,53,25
213,77,249
33,21,166
229,212,160
112,222,74
196,220,211
162,128,169
172,48,146
52,162,64
107,46,70
200,147,156
255,41,249
56,232,243
161,220,197
16,166,65
28,33,126
131,8,172
224,173,57
152,186,88
74,69,24
226,164,231
29,187,156
209,135,128
228,25,116
179,219,128
152,30,182
242,68,225
50,247,191
185,108,119
30,55,211
7,220,0
4,206,162
185,118,114
85,130,220
45,48,92
178,17,245
174,151,136
120,175,163
36,85,220
142,194,33
96,147,19
54,241,45
214,246,49
105,177,134
52,117,232
25,207,248
217,253,167
118,216,33
236,18,28
34,245,131
203,89,27
22,59,46
133,213,7
3,126,154
207,204,156
44,199,207
116,217,61
24,167,19
24,229,0
247,9,112
164,139,46
11,29,234
105,53,194
105,213,76
227,145,29
5,28,64
183,12,122
201,103,82
104,229,82
85,168,37
67,99,137
91,10,148
67,185,106
96,245,21
203,57,243
104,118,191
136,98,186
87,227,210
29,115,65
167,133,139
138,88,78
78,39,215
198,206,250
192,200,88
5,17,199
138,96,74
36,172,160
153,144,119
36,106,23
229,198,141
196,110,214
211,159,187
60,40,35
160,241,178
98,55,166
103,134,171
188,178,110
157,179,76
67,191,124
88,60,144
54,74,126
32,142,173
138,247,7
144,34,216
38,25,19
37,34,155
254,58,127
4,41,150
95,164,225
8,164,15
36,103,82
161,165,246
94,247,180
121,81,239
218,247,167
73,111,234
235,9,13
10,8,244
51,108,70
42,184,197
133,28,177
38,243,13
235,60,32
195,136,24
213,52,251
57,238,235
28,95,85
112,135,165
68,200,202
251,217,32
232,136,93
109,209,41
65,67,128
45,45,31
253,163,100
130,108,193
53,111,252
189,228,179
35,230,27
216,215,249
181,39,114
213,78,85
232,80,212
144,101,42
129,152,179
147,217,85
35,150,88
218,60,30
42,138,243
207,63,227
191,80,155
9,123,4
171,195,202
213,31,198
155,255,192
84,125,61
52,185,135
101,74,52
236,53,240
248,193,41
178,122,214
137,226,68
109,243,93
153,28,94
27,39,66
162,207,235
175,184,126
3,115,136
123,163,147
42,43,204
217,248,251
35,225,119
222,185,31
13,229,163
62,45,45
109,116,184
74,234,217
101,10,111
125,59,194
158,96,248
224,234,139
246,19,164
141,5,208
51,121,193
145,57,236
112,243,201
28,217,185
4,152,17
39,56,23
61,62,244
57,22,29
17,51,203
127,82,77
186,149,133
72,26,213
40,159,8
168,92,203
209,220,246
70,138,159
157,36,219
63,97,109
127,98,0
13,251,9
108,166,18
58,226,67
232,223,171
65,57,153
92,34,119
217,20,113
168,201,20
221,221,119
118,23,208
101,20,172
185,26,186
130,65,47
250,221,115
103,163,163
59,197,43
216,192,152
197,107,74
168,4,237
186,118,186
221,120,81
99,185,196
137,255,206
80,66,100
123,130,55
186,54,183
33,224,95
191,95,221
205,211,42
5,28,229
30,42,216
76,203,110
201,160,243
101,0,223
110,66,62
133,144,157
121,110,159
35,174,236
222,46,70
187,65,132
143,9,226
148,235,164
57,77,0
247,43,161
184,3,41
106,246,218
123,249,188
30,39,201
84,253,83
8,253,32
206,219,153
117,200,92
85,219,240
70,52,58
22,58,242
223,204,173
38,210,121
46,164,133
220,56,233
75,112,86
41,87,79
199,211,27
138,152,40
41,147,216
83,61,24
101,198,255
28,241,176
1,30,36
82,198,245
57,163,125
1,170,195
165,166,156
115,84,200
211,79,79
23,22,238
236,21,80
81,73,160
184,42,101
246,254,90
172,80,219
213,22,136
5,240,229
135,151,71
187,247,234
142,19,182
137,29,56
218,58,4
37,25,34
14,32,234
157,88,101
88,184,231
65,76,145
173,251,66
179,51,245
185,208,255
31,99,127
216,228,19
120,58,227
111,204,55
123,128,171
159,0,103
160,205,22
111,99,182
18,139,255
30,207,135
154,174,102
160,165,109
237,117,248
103,244,120
223,220,25
103,65,208
79,151,4
53,172,231
31,191,201
155,130,28
246,174,60
56,227,102
96,222,134
22,144,65
76,46,94
187,39,137
133,171,249
140,54,92
97,81,180
196,55,51
163,28,141
118,1,56
196,55,163
51,101,195
20,206,59
212,89,197
232,68,69
213,216,132
102,162,254
49,181,126
20,209,174
247,238,227
44,200,173
204,145,49
148,53,79
107,138,235
24,156,192
2,96,94
177,243,163
221,216,126
120,53,15
142,202,172
254,156,182
200,201,95
140,192,204
217,206,236
110,103,168
30,118,78
227,45,151
116,93,253
59,57,40
186,192,1
240,194,143
241,234,100
42,202,225
217,0,93
51,208,43
221,53,44
158,188,103
104,149,220
174,127,187
128,4,235
2,34,71
48,41,125
107,224,238
127,14,239
197,157,29
27,106,197
179,64,23
146,171,16
149,153,187
176,147,113
42,244,70
72,80,219
136,194,153
85,23,155
221,28,179
67,81,1
124,115,229
198,141,102
218,180,175
168,55,151
207,90,7
51,216,106
1,243,244
134,230,213
46,85,240
165,136,46
6,172,88
40,31,72
250,54,80
214,5,48
236,146,37
98,177,129
217,170,236
158,52,75
236,253,131
135,13,227
66,31,181
2,238,141
64,179,97
4,95,202
154,78,188
109,56,248
38,16,211
157,38,213
97,134,131
122,107,29
33,53,236
148,197,250
176,88,249
160,245,120
60,232,240
250,111,221
19,73,1
137,101,104
44,177,182
79,88,88
139,160,177
122,11,37
214,187,183
208,99,141
109,48,162
107,73,170
79,111,124
120,96,229
216,4,94
218,33,229
233,230,152
249,8,123
193,4,144
245,115,181
222,154,133
146,16,207
142,42,37
155,106,34
106,181,8
235,30,86
129,16,209
107,184,22
58,75,120
237,191,105
235,249,189
3,112,79
124,154,65
63,37,64
251,53,193
88,165,222
155,170,6
14,189,5
152,107,174
127,54,147
81,100,193
81,117,135
47,112,129
49,182,242
44,231,167
87,95,45
91,213,87
61,196,227
133,203,27
254,146,167
78,19,99
28,203,84
191,27,39
250,93,24
149,189,186
28,252,255
73,188,194
155,76,54
253,57,18
164,156,246
189,99,97
60,49,252
187,212,149
51,237,216
105,251,240
97,5,138
26,201,229
242,223,30
207,188,0
132,100,165
198,225,186
67,239,99
249,127,66
163,120,11
171,164,116
97,252,121
106,228,153
134,71,103
234,190,171
141,238,189
24,142,158
50,51,196
114,173,241
160,117,4
170,6,88
9,33,235
167,157,128
169,27,135
75,56,163
166,254,179
136,85,5
253,248,145
42,32,233
204,84,132
122,148,160
214,87,97
102,184,92
122,201,72
243,186,166
117,0,75
221,87,233
164,163,53
132,102,104
167,155,195
152,173,242
236,232,239
88,18,90
60,160,55
112,147,209
198,250,24
218,212,0
100,184,122
43,150,38
48,148,9
147,98,250
231,168,97
251,138,74
88,62,175
104,120,105
188,125,91
222,249,3
74,167,115
83,206,33
100,194,32
217,118,163
189,100,236
155,27,247
38,111,54
100,52,52
225,131,214
149,94,128
177,239,77
247,4,141
49,209,50
118,68,166
203,10,144
158,15,230
160,202,89
119,103,24
177,13,172
189,76,79
250,121,63
175,40,104
242,169,27
165,87,27
169,28,216
23,243,198
181,22,185
166,79,167
123,132,77
68,194,248
20,123,145
207,62,246
151,135,52
175,235,179
9,66,144
74,237,49
225,129,153
11,250,250
39,5,24
43,222,223
243,177,135
123,227,240
156,184,21
54,121,52
119,205,198
102,121,141
188,10,245
157,90,72
185,196,8
249,185,70
10,35,18
107,190,200
131,106,219
39,81,138
252,52,185
21,140,136
41,47,4
238,180,96
245,126,80
238,79,231
94,45,65
203,210,227
197,199,132
49,104,187
118,223,253
224,233,61
72,143,246
215,37,252
19,219,158
126,142,73
60,116,67
76,6,222
227,153,55
83,155,155
8,104,35
17,103,176
197,158,129
249,238,232
60,177,43
199,233,174
59,10,139
72,119,208
112,140,120
198,4,11
196,168,250
229,18,12
204,147,81
99,165,247
157,64,70
168,178,115
228,190,229
204,189,123
218,110,98
59,86,22
45,171,230
235,87,2
187,108,237
43,212,81
214,78,248
226,157,168
254,118,3
229,51,180
209,132,1
188,10,1
103,36,245
246,156,22
29,219,237
11,12,201
188,53,222
33,65,176
55,113,129
137,249,25
13,231,144
28,197,47
231,244,135
158,32,19
109,108,135
37,252,159
66,27,164
165,213,23
163,18,176
7,68,73
74,101,168
70,55,135
45,215,58
30,97,41
204,220,208
165,84,20
175,38,12
132,40,85
58,98,180
9,168,162
131,186,67
139,77,170
80,63,154
104,14,220
72,242,43
91,106,161
134,20,226
224,217,141
80,157,52
30,243,93
165,85,221
13,224,42
229,64,7
91,234,178
30,255,29
1,188,158
35,201,38
102,147,30
217,1,179
211,60,226
40,49,171
156,181,27
196,43,97
33,208,131
4,47,50
51,231,57
232,154,145
200,243,247
141,72,253
0,173,30
57,238,60
35,239,95
164,211,227
31,94,58
4,75,181
186,18,184
106,158,115
205,150,33
153,148,122
49,209,209
92,118,241
191,183,103
212,125,224
33,67,50
133,204,89
70,161,2
241,27,96
121,11,48
123,95,32
67,207,78
196,99,116
115,157,164
72,97,155
20,212,16
233,163,22
86,249,119
121,67,240
166,229,232
52,108,131
121,117,252
242,191,12
102,93,204
237,248,145
106,188,141
157,241,173
207,164,143
77,52,152
80,72,122
230,52,115
63,229,81
131,233,3
229,3,146
165,167,6
178,201,183
34,239,180
131,71,62
62,198,224
83,6,115
175,243,242
255,168,171
110,218,181
144,90,140
157,17,82
141,239,111
246,85,252
74,83,249
142,127,219
57,174,143
192,118,62
126,203,250
102,167,74
245,230,197
0,80,181
48,96,85
99,175,91
119,4,158
47,164,43
208,244,86
94,129,241
158,50,250
64,217,172
31,18,155
208,34,156
143,144,85
114,207,203
46,224,6
30,137,226
89,94,124
10,230,184
134,221,56
118,77,100
148,224,47
24,37,117
225,11,131
249,88,99
111,114,65
189,58,182
223,28,104
228,208,64
153,164,3
198,173,106
88,5,249
21,150,166
132,26,247
124,78,193
5,124,214
155,89,86
184,114,111
166,18,211
176,27,205
21,201,169
149,208,36
9,179,87
29,176,174
236,185,19
249,72,41
6,67,123
13,201,90
234,139,22
61,237,83
93,107,180
27,128,236
177,96,134
164,116,230
86,101,132
172,209,3
9,114,24
16,164,124
127,221,109
123,155,42
122,96,130
89,71,205
213,119,134
132,103,170
103,13,135
136,88,172
16,138,61
53,200,87
228,189,85
17,141,217
90,168,45
170,44,232
75,250,88
68,19,145
5,174,206
88,11,200
166,95,109
114,45,147
216,253,111
221,98,31
248,232,158
174,128,40
120,67,239
55,16,48
206,51,105
91,180,13
43,152,6
227,211,115
103,18,179
235,186,165
93,78,136
119,175,252
139,37,186
55,98,82
246,18,70
101,51,190
206,207,11
77,130,241
110,60,174
39,178,64
239,51,55
100,80,101
40,223,163
210,187,16
0,9,195
12,244,156
22,28,112
70,232,131
46,240,205
173,251,160
121,252,194
30,14,250
50,90,193
254,120,103
93,94,184
221,34,68
127,218,138
231,30,163
89,200,225
33,55,145
137,32,210
181,233,25
175,165,86
169,189,39
171,237,83
115,122,55
8,243,148
126,214,118
97,48,38
95,119,1
58,225,233
141,252,50
74,40,47
155,66,31
201,211,79
64,185,80
38,160,176
22,122,122
109,18,228
104,40,78
181,48,233
165,14,101
178,93,136
34,210,160
164,46,2
76,110,250
99,174,81
240,122,41
255,119,29
26,201,113
81,94,241
210,49,193
102,30,156
224,86,224
199,80,164
17,68,228
79,237,55
83,105,135
227,156,34
96,102,79
216,48,31
55,237,148
96,11,209
155,219,147
209,176,69
119,84,134
133,52,168
51,103,100
237,206,201
69,83,32
58,24,2
149,31,44
186,193,176
62,120,96
200,178,173
210,17,187
219,102,22
212,39,178
178,202,21
177,70,228
186,3,151
163,61,10
181,143,251
87,26,231
84,48,39
197,184,227
231,175,158
70,97,80
226,134,127
110,35,44
172,166,208
101,255,156
102,11,28
159,101,126
48,148,74
54,170,68
50,6,50
89,199,174
30,65,215
217,135,103
98,43,227
213,51,140
118,168,111
253,250,182
236,198,114
183,226,72
47,251,150
107,215,95
75,201,132
191,242,166
235,46,139
142,217,245
79,152,42
10,173,45
255,233,248
132,201,149
91,151,183
28,173,215
203,183,165
50,184,148
189,87,137
189,220,201
174,247,126
13,176,55
141,97,211
28,63,78
67,145,112
112,211,175
99,237,85
141,238,44
13,7,18
59,65,77
125,76,190
1,13,88
120,188,201
93,251,155
34,238,12
215,134,206
177,79,122
107,254,221
76,155,214
155,129,16
30,43,71
140,193,136
175,237,216
226,133,193
36,246,17
181,137,47
90,116,83
126,69,145
4,185,229
243,253,6
59,237,30
181,21,201
162,85,234
120,153,173
232,220,187
116,15,87
129,129,253
138,170,32
153,104,93
137,81,141
177,99,174
201,236,178
40,23,45
6,202,221
228,64,49
28,139,236
68,71,119
113,174,37
174,113,74
203,144,248
158,131,226
184,38,20
187,148,250
244,182,77
93,49,145
86,50,245
49,244,9
219,135,185
168,92,221
186,189,105
164,145,168
135,109,157
58,75,89
188,121,100
49,191,44
223,56,94
219,59,50
165,205,150
180,138,216
9,181,233
250,149,186
250,13,114
189,238,187
87,13,115
14,10,165
136,155,90
191,133,90
87,66,12
48,95,236
104,240,95
230,149,247
19,238,213
222,249,229
100,50,138
147,254,215
132,221,14
118,168,29
79,192,18
65,180,11
254,101,163
23,134,104
213,122,11
37,157,195
109,71,23
234,115,108
174,1,131
146,2,64
15,43,176
212,210,30
33,207,241
184,254,9
190,160,72
109,196,17
252,32,160
179,211,79
144,224,206
187,115,56
123,230,2
44,107,8
36,142,94
230,133,246
253,33,253
166,167,184
188,97,15
105,164,164
136,82,225
216,56,140
227,130,161
122,195,30
55,228,17
52,1,16
28,2,10
6,154,82
92,27,27
161,96,205
170,8,121
243,249,40
97,99,242
232,33,192
14,194,58
205,173,58
243,40,174
86,145,158
137,146,59
25,25,88
85,118,39
195,43,104
200,81,130
64,100,1
10,8,147
58,163,43
217,145,132
208,166,167
165,175,83
108,5,26
156,246,181
121,74,146
216,251,73
167,129,59
240,173,137
177,89,217
207,247,149
0,253,79
201,162,41
197,170,220
177,64,222
246,25,222
101,250,237
191,123,162
121,180,243
223,163,30
28,187,19
209,224,120
9,249,173
79,145,69
62,219,154
35,214,214
138,120,139
185,214,172
187,163,90
150,159,75
180,129,57
176,233,203
230,35,165
10,132,112
115,251,142
49,208,42
163,18,108
159,31,121
229,211,233
34,237,102
160,187,238
57,216,137
157,112,51
2,2,246
199,105,208
32,81,53
197,166,154
202,161,184
192,155,91
26,24,151
236,96,93
17,187,97
196,67,42
193,135,85
190,109,164
2,245,26
223,194,129
188,14,242
122,23,205
36,80,83
9,208,14
130,9,136
24,246,133
127,218,126
116,16,218
25,94,207
178,118,165
20,8,14
172,43,71
0,111,10
109,189,249
38,24,17
164,21,193
123,138,188
178,71,248
99,121,124
102,90,221
246,7,60
147,248,209
235,226,46
136,112,46
0,255,108
238,95,190
114,31,21
205,216,119
222,129,111
10,130,60
135,212,17
138,51,162
69,24,206
35,244,221
226,253,127
228,122,48
241,60,173
85,251,45
30,36,140
48,104,31
66,51,191
48,138,136
228,51,244
88,228,196
124,80,168
200,234,73
70,72,81
191,238,179
235,56,224
4,146,132
113,2,124
80,145,128
105,18,202
120,105,138
1,165,22
98,160,233
247,34,166
125,154,193
161,63,128
121,70,3
230,245,222
87,144,45
41,104,229
139,131,142
58,114,6
211,99,186
56,114,126
221,115,93
227,56,23
23,136,132
76,12,190
217,40,54
31,36,31
182,88,38
251,122,43
194,186,105
187,114,14
158,53,42
212,242,155
184,23,77
34,36,150
46,178,104
77,223,66
28,97,248
135,172,73
175,89,199
30,170,94
130,152,35
101,185,92
35,196,178
40,183,53
87,219,233
145,168,168
88,16,248
208,177,72
217,159,32
45,111,161
73,255,165
19,157,93
108,188,210
169,87,219
120,51,211
238,70,187
166,202,192
77,152,200
94,198,40
244,70,57
243,215,75
135,245,208
83,76,85
35,243,212
8,108,49
110,140,240
81,155,96
117,110,84
60,60,122
46,15,38
38,214,113
246,60,101
130,140,79
97,139,39
159,65,191
92,178,192
104,199,54
202,203,218
64,149,9
149,39,168
77,10,135
138,135,91
116,48,171
214,147,200
225,160,5
144,255,29
190,48,231
12,90,239
104,73,12
82,12,119
98,170,200
150,107,185
123,49,219
140,214,231
65,64,164
54,248,17
39,60,208
148,187,61
53,31,22
55,75,158
16,56,75
177,16,26
192,240,3
2,145,195
202,15,212
200,58,51
113,154,40
12,243,217
119,245,201
68,196,153
106,99,23
80,251,245
108,67,6
56,111,92
26,100,47
169,4,193
28,16,202
173,89,94
181,224,101
96,77,106
106,153,238
170,148,12
61,254,16
196,51,75
100,183,73
163,152,6
177,70,70
71,69,201
226,62,133
26,197,106
126,180,64
43,219,4
7,108,175
233,60,28
154,167,118
204,45,235
4,95,90
103,241,56
176,31,195
46,110,19
22,252,23
132,36,202
61,145,188
193,116,205
172,231,133
215,170,90
222,184,205
50,203,15
205,150,166
18,137,126
56,192,203
226,202,130
127,246,169
50,152,171
22,178,107
40,238,252
165,246,23
130,90,32
237,58,51
22,73,144
224,144,6
129,24,11
174,189,113
223,219,12
5,144,157
235,173,45
233,109,149
224,82,94
128,113,213
197,93,254
85,203,30
195,100,72
152,217,130
86,123,48
54,187,142
190,231,169
75,3,237
52,146,161
0,98,193
133,28,134
189,216,39
228,144,122
19,27,171
95,136,50
128,155,9
232,251,172
26,206,68
25,140,158
123,169,99
50,185,52
52,88,200
199,230,42
195,176,114
70,249,238
114,18,191
173,240,185
230,151,131
72,64,167
207,236,178
55,39,191
59,164,7
67,95,238
235,103,37
142,223,121
23,12,83
208,187,90
208,249,91
33,202,140
30,224,111
192,44,128
22,7,49
241,44,137
53,134,250
218,32,38
3,100,22
181,225,239
17,208,240
201,107,131
147,70,120
104,101,42
229,220,101
183,170,43
44,253,236
186,62,134
126,69,106
117,114,103
216,28,41
219,111,222
55,182,238
60,118,69
113,222,184
140,13,158
100,15,111
73,26,32
91,91,215
190,135,186
55,151,26
115,27,49
23,131,85
118,139,19
29,113,180
18,249,117
91,230,31
85,139,142
48,182,201
99,39,46
205,160,104
164,237,179
5,148,225
248,79,231
22,106,53
28,180,119
221,204,205
57,116,207
199,24,248
125,229,137
170,22,44
63,212,210
225,125,134
248,73,240
67,62,155
224,8,88
101,36,121
47,144,132
148,116,64
51,65,232
115,99,71
93,225,187
149,130,255
176,189,67
184,25,169
59,72,52
159,241,67
91,124,205
206,178,88
98,200,190
116,166,11
119,177,254
62,130,97
18,133,15
93,51,47
225,22,180
198,2,25
245,121,85
102,69,17
54,208,144
235,170,82
124,59,156
69,107,229
85,135,49
248,212,173
241,206,156
66,150,167
163,9,41
166,255,91
206,135,1
127,212,122
110,199,157
169,213,243
152,9,105
200,217,107
250,183,48
247,68,199
14,43,68
130,139,71
76,134,33
34,12,112
107,223,162
99,215,6
68,86,178
52,184,243
179,252,3
5,149,201
138,147,107
39,198,84
174,226,174
97,78,50
176,147,104
220,255,179
10,201,51
214,191,109
144,31,141
165,4,124
44,122,58
21,151,92
205,43,184
118,178,209
240,226,29
86,158,217
110,119,204
245,89,153
130,220,220
217,73,207
159,34,53
92,4,47
16,67,188
63,218,208
16,92,141
106,67,243
104,84,49
40,225,176
156,167,193
254,161,42
236,44,213
127,122,167
4,208,59
192,88,118
239,151,90
92,154,107
70,121,66
178,56,171
124,255,82
242,40,76
169,29,13
138,52,145
33,139,197
107,248,18
126,93,48
179,30,193
178,201,13
2,73,140
164,13,77
145,84,55
253,181,232
249,130,200
72,21,50
200,187,110
52,96,75
239,115,55
27,191,92
67,223,240
191,82,83
152,192,115
187,29,119
220,138,121
173,11,109
176,112,144
83,160,181
135,206,243
36,187,83
168,231,188
169,0,134
162,176,129
55,241,39
92,109,115
114,24,39
172,105,109
17,174,102
35,2,53
154,107,136
92,177,55
177,203,169
23,56,144
34,133,149
166,243,127
11,63,38
182,129,205
226,204,87
243,0,95
89,104,80
126,148,201
220,252,206
138,92,65
249,94,150
195,56,112
138,83,9
51,107,66
209,132,121
149,98,233
61,32,185
210,103,119
29,169,60
194,172,46
141,249,192
121,156,136
42,155,140
46,88,193
66,43,133
42,226,114
73,171,154
35,73,124
63,104,127
27,112,45
69,3,113
156,146,225
243,202,183
179,152,142
117,187,0
56,71,35
69,42,10
142,251,10
235,148,131
227,117,55
46,14,166
165,223,164
175,254,151
87,102,252
103,124,31
174,5,82
183,243,51
137,44,49
84,144,79
254,254,197
27,105,174
107,94,141
137,132,213
49,44,231
96,56,171
84,126,121
80,57,231
117,125,75
66,127,98
31,9,140
94,210,136
117,23,224
162,30,254
164,130,166
28,140,193
95,65,47
190,162,157
34,130,9
21,46,196
1,17,132
97,81,104
181,123,61
231,187,95
230,194,79
78,7,254
62,253,113
246,93,177
243,206,213
127,172,74
197,84,175
174,180,204
72,66,176
207,191,108
200,28,195
113,108,233
181,95,202
48,28,1
177,199,41
67,26,51
91,61,40
55,233,77
75,224,69
215,71,1
93,39,58
38,178,143
71,186,249
93,127,219
44,124,84
100,95,195
176,79,221
59,46,60
32,182,205
253,171,106
34,31,147
33,48,108
173,168,106
49,136,153
153,196,163
226,155,234
78,200,92
4,82,15
226,248,204
153,164,65
252,255,64
162,61,14
158,207,7
134,25,57
41,158,203
168,241,162
126,89,50
185,63,198
163,96,222
52,4,208
186,234,33
110,168,25
36,10,203
178,97,51
86,62,84
197,101,48
169,163,48
180,239,54
49,231,180
32,97,110
139,98,1
167,74,29
165,49,250
183,206,117
25,38,230
101,98,63
198,148,85
226,101,64
136,229,208
246,244,155
98,118,188
123,208,142
118,21,13
228,253,205
132,168,245
155,71,32
75,153,97
92,253,41
16,165,84
98,143,105
138,221,70
113,105,46
34,54,49
219,21,140
215,183,101
146,149,76
163,55,72
117,156,61
130,104,78
148,93,219
117,87,228
14,192,240
245,79,76
225,191,19
120,104,126
236,94,240
82,231,64
138,167,251
41,15,20
10,154,152
211,86,255
7,227,29
217,235,90
131,70,140
139,162,212
26,49,205
76,116,47
6,67,126
121,5,106
75,88,19
3,175,167
96,236,28
239,167,71
218,67,106
232,10,76
57,150,101
110,231,37
239,86,38
189,235,9
62,131,202
80,47,146
203,179,58
0,123,193
102,21,237
143,198,222
203,146,192
187,168,153
251,211,145
152,185,90
225,196,109
166,53,201
45,62,182
164,53,141
246,156,184
55,253,19
87,163,180
255,144,91
233,231,173
80,66,220
198,125,24
207,228,236
186,64,251
5,176,167
39,167,223
164,16,100
124,24,132
42,3,56
95,90,15
93,94,110
175,202,116
159,163,205
119,71,2
28,159,34
74,32,65
47,192,140
233,100,40
70,230,223
11,75,4
62,233,113
21,154,79
208,144,20
166,115,135
5,50,5
50,209,199
17,42,78
161,138,52
195,207,5
255,90,251
125,204,77
99,138,224
133,127,160
244,104,125
118,9,167
110,19,239
33,27,234
163,95,174
98,233,115
91,194,32
152,156,175
30,150,64
199,3,88
114,95,14
53,248,70
6,90,63
110,58,172
231,91,171
254,3,92
103,25,61
183,33,184
151,116,160
172,226,41
206,26,53
238,171,50
108,247,75
222,151,94
39,106,64
241,183,25
68,28,126
153,49,157
116,210,242
208,210,99
28,55,96
87,62,72
15,49,49
27,80,27
24,94,68
98,62,58
122,209,0
251,166,226
183,30,141
160,163,19
142,40,108
233,215,108
99,95,0
159,141,88
255,177,235
62,20,98
201,55,143
19,243,61
0,76,211
227,162,219
249,154,213
99,224,74
165,31,109
50,163,128
115,83,62
101,105,178
102,255,187
88,164,34
179,125,131
62,250,101
207,124,142
111,119,74
19,128,123
188,89,202
104,76,102
146,140,185
144,60,187
13,81,99
136,242,70
218,164,231
164,162,45
129,232,187
92,41,213
191,52,235
77,141,98
67,73,214
55,225,243
106,32,239
116,81,167
199,54,198
157,101,163
92,145,112
157,162,232
117,223,56
18,109,245
194,92,5
68,226,118
104,156,255
165,37,97
237,26,129
2,228,250
192,227,76
172,163,13
202,230,64
194,103,140
54,25,7
152,204,71
103,1,72
143,209,173
84,37,81
163,63,24
28,201,163
32,79,48
15,120,100
13,189,116
50,47,197
76,195,190
151,67,104
251,209,141
175,146,142
33,200,217
46,247,29
210,181,24
148,134,98
46,156,247
214,19,145
1,151,53
163,244,171
192,195,106
143,218,179
228,202,85
244,3,216
180,94,118
112,239,92
120,102,20
89,142,200
70,97,87
204,47,3
197,81,130
127,245,41
160,242,39
169,165,132
28,157,50
237,84,138
97,117,91
173,144,226
213,44,26
77,212,178
29,189,166
55,105,204
243,11,131
213,250,115
188,180,165
9,80,37
167,98,132
213,95,157
211,49,224
76,91,154
223,59,178
178,54,170
73,62,0
99,0,60
30,247,199
136,252,136
139,108,33
115,135,170
101,164,137
150,142,38
10,200,100
74,170,166
33,170,147
15,1,19
47,168,26
12,126,24
211,116,207
151,61,129
229,73,69
152,225,138
160,76,65
197,158,152
68,210,186
5,192,82
19,247,19
155,7,26
112,29,240
252,209,217
150,198,236
63,31,37
176,33,38
213,179,111
65,19,97
174,5,0
9,125,142
254,67,16
223,38,232
46,103,12
229,55,175
185,191,141
163,180,98
17,50,130
21,142,216
251,18,238
101,162,182
64,34,17
7,235,80
166,167,244
125,226,26
157,236,54
176,70,5
194,16,244
80,56,179
60,213,207
39,183,113
162,15,235
29,105,99
128,147,197
157,78,54
176,192,41
247,155,206
101,16,211
173,97,60
149,28,37
232,37,171
198,188,216
236,6,215
233,13,111
16,3,127
199,34,19
177,67,116
80,190,187
7,16,196
183,117,15
195,85,192
167,198,164
43,130,227
42,175,128
248,24,240
154,128,103
85,126,62
61,7,131
62,126,115
141,186,129
25,167,223
56,17,244
206,225,110
238,211,113
66,180,254
191,21,85
35,14,192
229,46,46
93,59,96
219,169,111
164,212,205
29,93,107
19,45,240
63,234,231
73,204,20
95,193,114
232,230,241
9,35,0
160,157,29
216,15,61
138,84,214
183,139,71
125,199,151
245,91,47
23,105,228
19,54,158
30,176,168
5,25,205
5,97,245
27,56,94
200,191,134
194,238,178
205,112,194
94,99,82
140,77,74
56,55,239
86,147,97
192,74,189
209,173,83
35,20,252
154,227,199
145,211,234
67,114,245
91,31,184
169,115,44
126,216,63
132,35,115
48,98,212
219,79,11
197,176,87
226,106,184
7,46,17
169,67,131
26,188,217
37,215,236
93,204,236
74,253,23
191,226,60
69,40,134
91,203,217
183,88,80
181,222,3
236,96,52
94,156,7
209,67,200
102,122,133
121,103,163
122,51,114
70,37,176
194,98,228
190,18,14
3,102,55
217,34,44
64,184,137
39,48,75
48,109,218
150,60,114
125,50,176
19,70,216
53,51,96
95,93,70
251,140,1
168,219,109
18,181,123
223,238,207
115,136,49
155,84,225
187,119,43
195,240,42
239,102,171
27,147,105
164,88,75
160,51,92
83,70,74
164,79,170
20,190,155
50,128,57
27,131,224
78,2,53
254,91,8
108,14,236
233,85,47
80,55,150
148,182,19
57,196,162
18,206,77
17,31,187
125,110,156
217,96,37
120,46,14
186,100,27
108,233,210
220,93,247
27,48,142
251,89,6
243,169,241
171,20,249
121,207,34
78,182,22
131,79,124
21,183,124
24,222,26
180,166,244
7,6,39
75,229,140
33,102,185
161,22,84
186,77,239
13,91,244
155,116,221
168,53,25
99,246,166
53,211,87
162,217,102
11,17,161
131,72,174
78,66,220
48,121,200
160,10,66
73,66,41
183,96,23
242,49,116
113,194,98
200,219,147
130,173,86
70,160,249
180,17,182
138,180,36
134,23,59
180,189,254
30,208,243
138,223,107
140,103,136
99,248,29
75,218,4
45,250,188
216,51,133
214,114,30
51,72,38
158,203,60
178,200,18
213,136,118
51,133,60
216,79,153
92,31,130
85,72,173
248,5,49
188,98,24
201,222,89
100,128,106
75,76,116
229,242,222
22,219,8
179,158,182
68,179,41
157,216,105
64,245,170
172,7,183
172,112,64
44,77,118
240,202,193
90,86,45
235,174,134
243,199,72
115,103,145
155,221,55
34,144,249
24,6,188
40,14,67
215,139,180
242,21,39
206,201,204
93,197,3
207,235,70
159,19,226
206,58,33
91,118,180
32,253,107
92,118,56
229,54,125
45,254,152
245,226,159
151,251,153
2,224,224
211,161,186
19,41,160
77,141,201
200,61,41
105,43,138
158,60,239
25,191,8
24,249,17
158,254,253
139,35,16
55,210,222
51,95,150
234,149,76
99,17,221
12,220,165
76,137,106
36,83,44
91,87,244
27,1,179
186,6,143
182,178,128
245,55,237
50,106,98
122,247,212
81,68,182
85,81,140
37,168,141
160,123,236
215,160,173
13,188,163
252,61,14
38,171,4
231,156,72
102,95,84
76,181,111
2,78,29
88,43,222
45,206,86
72,57,185
119,127,83
40,194,141
236,16,79
71,242,72
243,234,237
39,190,23
186,193,230
196,86,101
92,214,155
241,220,174
29,253,166
43,207,50
138,123,83
248,116,53
24,125,107
93,121,240
100,192,60
232,141,77
120,113,92
56,125,170
251,135,196
201,13,246
113,8,139
228,103,47
11,107,169
230,249,238
175,18,240
183,205,219
126,53,252
29,29,227
66,103,69
142,161,192
192,209,69
69,196,193
125,60,158
129,169,123
49,80,205
216,142,69
20,12,78
100,128,197
153,0,61
250,224,52
18,253,102
249,150,171
229,193,53
41,198,37
244,93,162
92,209,12
29,218,206
180,132,29
125,99,70
119,62,123
197,1,11
105,32,15
83,151,96
167,101,188
245,191,2
4,141,156
83,52,255
1,85,192
52,31,107
52,244,100
42,157,231
125,36,140
207,92,152
74,123,22
140,130,121
181,104,214
31,64,14
31,3,198
35,255,119
124,174,157
232,191,37
86,219,76
201,50,165
88,63,107
21,27,77
167,160,217
104,145,178
229,241,106
122,173,61
243,238,149
183,219,43
157,125,116
123,80,86
22,101,98
166,203,130
95,185,163
117,243,131
44,237,176
124,88,94
40,62,109
201,97,234
192,211,108
252,125,156
226,216,248
86,223,184
201,21,35
133,203,252
214,41,140
136,177,232
194,33,228
75,148,245
150,214,112
39,251,25
83,149,2
89,103,31
156,244,145
146,123,40
84,111,131
177,144,104
117,110,14
35,144,15
38,118,11
20,165,214
183,36,194
152,24,186
224,78,23
150,126,74
249,172,3
27,130,214
190,25,68
124,96,204
81,132,148
149,49,187
55,199,139
255,144,183
86,203,211
119,160,245
37,119,115
96,14,49
96,197,21
29,235,207
244,104,178
143,225,81
116,243,213
254,91,134
234,233,134
124,172,213
243,67,166
251,243,137
162,80,94
233,199,6
169,39,2
158,79,62
73,138,142
63,157,28
16,11,249
9,231,39
183,216,200
147,226,248
118,183,84
196,165,164
38,50,50
50,42,9
225,33,233
90,25,250
2,120,220
170,157,92
190,92,123
168,86,145
229,61,183
18,231,229
10,93,2
3,222,170
159,35,217
113,239,199
130,246,70
68,100,108
123,127,123
112,1,26
67,138,28
74,120,158
204,38,10
20,150,201
222,230,87
92,223,88
157,212,79
165,33,154
22,138,59
144,88,98
48,114,238
204,56,31
32,83,63
104,76,187
158,137,15
96,208,240
38,100,135
74,35,75
178,247,126
31,167,142
54,146,31
67,172,204
163,207,53
166,219,110
205,195,70
108,42,87
1,18,199
0,29,32
6,145,66
25,119,163
205,173,79
22,108,208
84,193,63
123,147,38
105,204,55
122,237,41
228,70,247
171,95,132
99,88,255
11,190,189
116,141,22
37,29,194
66,218,169
52,180,40
235,35,248
65,214,29
235,178,97
122,24,12
170,49,107
154,187,133
206,19,48
84,63,230
243,172,58
43,38,192
126,232,98
67,219,67
89,117,236
133,56,248
121,28,122
11,83,207
69,10,145
109,37,201
167,179,19
250,177,187
13,169,91
184,36,107
5,253,225
247,113,79
187,91,14
49,144,118
138,247,240
0,95,222
37,63,176
93,87,140
254,33,148
159,45,163
32,185,198
92,29,72
164,225,192
70,4,168
52,213,22
187,15,64
150,213,215
69,5,90
68,70,212
37,137,97
59,173,43
79,103,109
204,173,113
125,113,45
2,158,255
3,96,115
249,40,219
227,63,44
39,152,245
232,103,39
67,99,142
104,138,104
189,186,141
136,75,249
136,80,166
234,242,18
192,227,215
190,170,51
13,44,27
163,29,108
72,9,207
82,236,208
246,139,126
251,201,92
125,78,12
135,187,237
73,249,160
121,157,126
67,246,72
192,58,174
17,75,99
78,79,184
19,32,53
137,62,92
108,216,125
6,190,48
13,228,203
16,80,58
131,200,199
63,166,93
238,232,87
39,77,156
205,18,225
85,30,50
126,47,128
28,98,121
123,166,7
26,10,54
122,88,135
160,10,200
217,26,89
67,138,230
88,119,122
149,127,62
195,185,71
78,107,132
231,48,169
248,227,141
111,123,44
188,36,213
202,55,134
221,172,54
157,130,61
29,93,143
181,168,240
229,121,145
240,51,31
106,84,11
132,85,38
79,13,176
77,150,31
227,169,12
156,196,211
56,49,211
94,224,216
236,173,73
11,189,26
144,200,245
138,132,220
47,237,151
6,88,39
221,65,170
169,123,44
145,39,150
52,13,117
199,180,230
244,113,176
204,210,52
112,85,12
31,166,218
18,143,120
238,68,0
93,245,188
193,230,198
148,225,244
114,120,186
145,38,108
166,101,187
101,86,241
219,161,39
33,222,107
147,53,124
57,225,71
77,194,198
111,62,175
26,181,16
195,121,3
245,20,108
141,34,242
2,97,175
33,114,35
227,139,15
18,91,240
175,25,22
42,128,60
3,16,12
212,126,112
249,196,63
82,233,132
254,245,64
185,33,87
82,216,100
111,159,27
100,126,39
245,202,164
23,180,136
73,238,196
7,31,163
100,191,91
92,248,67
53,17,123
177,29,75
148,144,88
48,159,20
51,57,56
13,106,143
122,14,215
28,27,123
192,126,107
65,117,123
44,102,9
103,131,158
42,202,217
169,237,5
65,0,203
59,116,70
10,131,202
113,43,20
215,240,43
254,8,125
230,172,99
171,113,105
113,10,0
109,206,93
95,72,181
120,120,207
161,124,98
237,98,123
172,35,109
30,70,40
190,226,147
177,49,145
250,171,76
239,20,82
6,170,48
161,145,134
120,170,35
156,34,215
70,20,69
145,51,136
79,160,43
209,78,152
235,185,3
35,200,102
46,122,57
196,137,145
88,59,214
3,202,164
103,168,38
233,137,248
12,3,163
255,155,41
67,195,37
30,108,143
157,1,58
87,218,107
85,249,135
24,57,242
76,174,36
119,52,205
33,29,70
86,84,13
2,160,166
99,211,175
115,91,35
240,165,99
168,228,67
42,206,57
225,251,111
249,146,64
73,224,85
239,201,225
185,24,16
47,225,76
82,88,212
172,100,15
169,179,252
40,41,148
239,2,52
48,221,52
56,236,229
120,35,122
227,22,49
248,141,1
206,231,188
133,232,200
36,119,20
181,13,2
108,86,22
212,99,135
4,149,31
157,178,136
30,120,139
173,75,140
219,119,89
186,58,217
58,26,108
72,254,9
65,216,187
28,244,189
134,254,104
145,112,83
16,71,240
43,229,150
155,226,203
229,109,73
81,100,156
89,66,219
71,83,81
90,96,134
35,184,180
203,91,184
231,57,105
86,71,56
118,72,29
43,11,44
135,22,108
191,236,113
113,172,237
131,123,99
57,132,45
5,192,98
234,169,189
69,27,227
215,213,2
236,189,87
193,104,117
76,244,152
45,26,159
44,236,182
168,127,55
209,160,100
37,50,141
135,211,209
146,207,137
138,222,250
92,228,8
171,206,149
207,74,28
50,196,228
65,86,138
222,159,107
65,114,52
171,103,249
123,81,117
20,219,200
10,34,213
243,233,181
193,39,145
40,171,153
55,62,105
84,90,4
155,39,39
130,190,240
115,79,237
238,166,163
91,131,91
235,115,24
230,96,136
116,236,43
63,95,195
18,185,163
232,87,222
244,164,88
115,76,110
150,173,92
115,59,164
45,229,99
195,228,46
141,28,88
125,5,220
146,94,94
101,245,14
14,201,164
154,72,251
130,160,196
212,23,61
151,212,49
38,62,106
248,52,17
102,246,240
62,1,246
235,136,125
26,123,232
201,22,22
79,222,219
209,126,82
204,125,241
27,222,56
233,220,56
64,78,193
35,132,50
99,202,140
134,112,29
31,218,31
105,46,131
42,141,165
244,26,119
76,119,30
136,206,97
58,161,54
168,205,72
193,245,146
192,190,112
11,26,16
64,62,15
80,48,10
63,252,152
191,115,245
216,70,178
232,254,187
78,221,108
163,149,78
136,105,182
139,159,5
254,217,134
185,211,160
194,35,35
179,182,102
143,134,6
9,149,232
60,103,131
186,166,46
36,213,159
185,134,69
12,218,228
40,45,133
52,4,226
202,101,10
148,249,168
253,92,27
175,163,125
166,50,251
189,147,246
239,6,60
234,227,1
28,196,9
34,20,51
138,38,31
98,113,253
75,157,93
38,245,237
52,79,62
253,146,108
73,202,210
3,111,172
174,137,228
162,227,55
86,150,180
122,202,210
64,36,23
122,249,240
217,92,24
145,25,251
173,39,3
220,7,53
79,74,24
62,33,186
49,93,26
187,134,204
115,28,188
85,24,168
97,150,26
184,137,249
141,205,168
82,39,104
179,200,37
16,106,191
65,51,171
112,89,150
105,40,254
201,187,54
157,161,29
52,151,123
168,229,160
122,113,70
5,143,37
135,23,16
236,232,191
132,37,198
235,219,238
36,232,1
125,65,160
100,203,114
98,173,186
69,160,73
105,186,112
168,6,107
250,151,138
188,206,25
226,77,7
207,176,125
44,249,208
157,151,63
88,241,91
60,84,62
91,86,59
62,112,223
41,53,55
181,57,88
175,79,109
54,63,7
237,201,160
251,229,76
144,188,220
253,222,57
195,61,45
238,66,79
54,94,249
218,22,79
190,200,215
124,239,240
150,254,216
126,194,217
43,70,188
104,58,28
180,124,115
116,125,139
169,251,200
10,224,55
191,23,60
117,157,10
175,98,209
248,252,46
31,125,183
139,39,235
21,155,201
212,24,80
238,180,197
214,137,112
145,231,31
183,71,94
235,75,249
166,253,135
183,12,22
220,21,235
59,237,73
145,198,165
151,246,201
222,175,175
101,117,47
235,12,30
28,158,162
180,253,141
139,197,8
161,202,200
152,66,53
209,55,157
172,241,157
7,144,196
157,131,138
200,241,138
178,65,237
2,41,244
76,107,207
60,60,210
248,86,129
227,168,177
120,54,169
86,122,77
220,227,146
45,107,162
180,123,166
231,35,11
162,245,91
228,206,23
17,214,18
180,223,98
247,162,149
177,181,37
118,30,172
253,73,145
132,166,102
6,24,215
63,9,115
144,109,170
34,130,225
108,13,21
117,182,63
132,71,115
32,148,75
58,55,48
202,45,234
39,134,192
56,114,44
125,9,165
146,171,254
122,99,243
26,75,131
131,117,186
10,173,117
58,65,3
161,235,246
68,38,129
222,90,201
166,134,60
224,29,83
236,127,150
245,117,191
177,185,208
81,42,132
25,103,128
8,59,184
3,148,114
112,131,161
213,97,167
51,55,130
157,113,159
115,33,198
32,56,146
188,64,122
26,192,114
154,20,86
20,184,110
136,10,191
192,86,101
59,18,201
30,79,65
231,120,222
171,77,20
110,45,145
134,150,181
182,165,80
85,251,31
243,220,208
75,13,73
50,4,171
77,68,90
41,21,223
226,151,67
31,20,98
149,180,52
172,15,149
45,206,224
31,141,81
125,93,82
159,130,24
76,63,98
48,115,158
214,118,213
173,30,230
27,212,155
72,247,136
32,57,166
213,98,137
211,97,35
155,102,242
20,252,185
115,5,242
189,141,50
76,253,188
78,12,203
96,84,102
223,210,33
235,158,244
71,90,40
6,214,52
101,126,95
182,3,204
193,214,25
75,118,212
44,131,216
82,58,249
169,230,142
61,192,226
135,212,118
77,201,12
80,69,120
132,154,42
26,36,139
38,130,184
91,201,79
132,203,106
106,203,70
176,180,98
251,123,124
85,157,83
120,149,59
180,159,53
210,226,172
96,5,105
221,193,87
192,228,3
0,68,69
247,56,99
117,65,179
199,23,30
7,138,71
42,55,222
98,15,229
233,111,118
37,21,137
106,141,22
84,217,214
8,48,72
87,26,143
28,207,49
154,182,195
10,238,108
20,205,180
130,130,169
222,33,57
182,23,206
94,225,50
132,192,62
43,253,195
124,87,45
2,224,1
66,239,154
189,180,88
161,135,210
103,183,172
35,120,247
76,6,30
82,243,199
144,152,253
214,130,48
107,230,169
181,33,32
198,37,236
215,56,19
250,165,78
195,239,14
137,116,237
141,209,147
38,179,241
31,211,91
199,95,45
148,78,47
168,181,140
9,1,137
115,198,250
45,114,102
244,120,208
102,198,108
136,204,167
225,15,180
134,60,233
134,239,102
121,205,176
24,4,231
0,54,154
91,181,80
49,177,130
10,39,133
195,172,12
179,139,116
127,238,68
62,56,232
62,4,143
33,178,94
124,110,182
80,149,58
244,186,176
130,225,214
133,59,83
77,45,143
86,42,25
243,17,243
26,116,66
238,24,153
48,254,36
92,63,31
132,3,24
23,16,238
24,221,119
180,43,167
29,28,104
101,107,109
148,119,250
100,154,68
29,107,146
136,168,214
206,228,52
71,70,66
138,8,73
171,116,150
195,122,95
214,59,170
19,118,193
254,31,188
174,246,10
197,157,74
52,166,47
237,217,28
133,232,221
251,93,127
188,243,197
48,250,85
76,147,66
183,49,213
190,174,234
172,243,216
38,11,254
252,248,146
147,219,133
224,175,56
169,22,163
151,226,96
63,122,74
15,113,254
217,204,195
210,183,63
249,196,164
24,96,183
7,32,145
175,230,230
174,4,142
248,140,208
239,36,238
141,65,128
81,238,91
25,240,2
204,168,166
218,17,107
174,57,51
243,243,195
136,109,124
163,201,93
123,231,31
130,208,249
70,186,165
10,120,172
255,57,112
97,78,154
202,154,165
214,133,160
186,169,42
71,161,43
255,39,72
17,166,61
239,231,63
76,189,159
156,96,138
196,221,53
137,86,251
104,32,115
39,44,249
63,123,29
134,130,216
78,177,113
240,199,183
72,187,229
233,176,199
203,143,1
118,35,194
142,200,113
169,244,200
225,200,228
73,108,158
248,89,6
153,231,235
73,181,39
68,11,191
188,126,79
237,54,223
158,88,12
117,101,121
1,89,220
123,63,29
183,195,159
238,31,252
169,220,156
101,28,224
163,214,26
189,181,177
94,252,41
3,163,143
71,214,1
47,118,114
4,132,194
44,232,201
158,42,3
31,249,167
94,191,64
3,197,9
58,135,28
187,175,44
229,240,6
121,113,244
145,151,199
155,37,140
33,92,89
254,165,111
6,22,88
168,175,233
11,201,160
31,192,52
154,112,155
77,232,213
185,46,160
230,87,111
2,159,173
88,217,62
165,134,117
236,243,218
116,74,10
87,158,253
129,169,253
80,52,105
148,89,146
48,145,29
249,37,54
218,155,67
4,144,19
97,222,24
84,134,8
45,192,230
7,188,56
169,146,53
66,33,132
228,46,45
237,196,219
122,108,88
30,110,77
107,5,90
201,153,31
29,120,55
254,156,158
139,176,57
223,31,222
159,27,218
162,30,226
156,128,181
108,159,188
183,236,56
64,3,221
70,94,60
212,70,113
89,64,135
103,78,205
158,219,82
248,249,101
128,49,238
183,215,88
5,116,3
164,165,21
4,164,180
173,6,176
94,129,245
195,56,110
21,160,224
188,234,108
19,67,35
50,102,238
225,223,62
2,170,48
161,117,184
116,81,134
76,162,242
141,164,178
230,244,28
1,127,131
12,20,163
253,54,22
183,84,22
123,106,73
166,250,110
168,92,75
2,209,197
236,107,107
171,8,112
112,126,17
108,99,73
20,149,9
211,195,116
177,212,40
220,49,98
190,50,24
10,168,183
205,83,173
252,57,68
227,134,246
177,114,11
119,212,58
150,106,67
5,226,69
99,79,197
29,117,214
37,220,137
142,74,41
227,159,25
187,228,71
37,110,19
115,157,173
31,190,222
48,169,183
26,126,133
75,170,170
163,22,156
161,110,167
90,153,204
142,70,252
7,72,217
51,216,46
62,124,242
93,163,149
52,3,100
59,234,128
120,154,213
163,178,246
122,110,195
192,177,22
46,36,165
149,206,207
248,112,166
15,2,171
221,4,54
77,2,194
232,120,246
220,93,65
251,43,189
132,225,58
115,171,167
214,67,193
190,103,222
163,17,172
147,161,12
32,7,240
127,139,46
167,142,70
109,153,26
54,218,90
170,13,181
38,109,127
33,74,242
56,104,18
38,16,200
233,194,52
209,211,156
60,58,82
34,169,185
211,91,213
202,32,241
244,251,120
139,221,227
86,244,236
161,1,10
75,2,6
209,213,88
3,66,24
28,242,140
6,98,93
146,157,184
194,213,233
17,244,152
215,214,254
180,109,243
128,23,226
51,232,104
87,220,255
9,1,30
102,53,143
252,67,63
74,12,0
15,192,52
215,41,185
196,27,147
176,234,50
29,105,73
138,188,198
155,159,121
138,137,78
78,247,18
144,219,20
44,127,181
252,147,13
173,29,49
129,221,38
149,31,4
154,111,44
145,166,72
130,106,139
65,134,96
94,61,106
97,139,48
252,46,85
103,237,65
221,10,64
179,168,82
194,153,243
218,128,181
181,161,35
166,63,244
85,196,36
85,8,63
230,58,197
203,131,19
156,219,141
76,10,109
141,9,109
237,170,112
13,161,89
142,228,182
53,163,200
55,35,153
28,83,249
68,161,229
6,70,87
216,179,178
50,30,245
37,245,104
94,48,131
242,148,208
173,246,118
121,193,220
101,59,170
97,40,93
30,90,122
162,121,71
116,248,203
82,119,235
92,207,158
190,202,186
6,29,123
206,82,47
111,45,193
224,125,68
226,241,146
80,136,18
29,196,150
124,26,173
12,79,153
202,130,105
164,92,72
177,242,19
180,73,11
234,68,223
13,59,17
101,29,173
20,65,10
169,53,60
229,241,242
99,107,155
208,71,77
171,188,228
23,154,22
162,222,75
43,54,241
7,94,246
133,39,235
225,11,103
231,54,152
46,142,76
144,188,4
46,220,189
70,59,10
185,241,161
163,76,226
113,89,199
228,29,243
84,130,201
196,188,43
30,157,8
13,243,187
108,66,12
240,123,80
190,150,12
126,67,36
70,77,103
44,108,204
54,42,200
97,219,195
254,103,244
55,190,183
2,172,7
232,196,137
58,134,113
51,203,42
126,254,242
136,29,45
76,47,156
225,190,122
154,207,201
142,70,41
154,150,121
133,84,10
215,133,50
213,187,45
166,208,204
90,228,30
109,77,209
236,34,216
111,247,102
243,5,218
75,214,126
37,13,175
112,29,139
30,95,242
163,190,247
136,29,191
177,160,15
74,114,196
225,148,224
105,234,142
123,42,227
22,237,156
102,58,193
154,80,75
250,37,229
11,60,248
252,225,23
51,162,108
135,123,35
75,21,232
248,52,169
8,245,61
125,27,8
133,245,144
127,171,18
165,177,226
26,146,12
225,27,247
130,62,159
121,16,0
197,2,130
232,135,66
95,204,86
46,212,181
172,149,112
90,20,162
64,113,87
122,77,223
83,228,29
176,105,198
69,17,0
238,197,218
190,39,132
10,86,100
48,110,180
238,253,96
95,147,123
182,83,11
60,227,210
235,72,68
59,91,237
204,221,240
114,96,117
13,193,58
149,174,129
209,177,165
83,147,134
152,23,12
1,153,247
60,143,96
253,45,167
105,95,200
150,199,249
226,55,192
225,29,150
231,0,221
137,42,92
130,126,249
193,100,22
152,217,216
126,72,219
144,75,78
170,205,99
254,127,149
85,45,110
75,83,17
18,168,56
163,253,73
129,214,181
209,201,253
160,216,109
175,199,75
124,192,237
160,71,172
84,113,10
187,168,55
254,178,31
4,2,28
244,56,145
200,181,61
111,185,143
116,175,235
115,134,181
131,255,250
121,218,49
208,209,155
99,2,163
213,249,185
59,205,10
21,97,204
132,54,54
184,99,87
244,41,41
208,75,10
104,225,166
223,26,237
36,115,249
161,175,198
250,6,21
182,12,211
227,80,39
55,213,140
39,32,33
150,154,231
204,41,8
234,138,109
197,112,196
184,243,139
149,14,167
167,159,96
70,222,23
234,236,108
214,179,193
146,133,198
224,93,220
106,151,209
217,128,115
187,77,10
59,13,6
45,252,124
2,227,244
30,163,195
187,206,235
135,172,124
171,242,149
119,180,154
224,225,107
43,35,122
38,152,105
22,171,128
204,12,228
72,190,109
190,210,131
5,175,10
16,84,182
255,103,2
47,148,243
9,60,82
143,198,150
251,146,176
147,12,125
182,90,203
64,206,171
145,181,74
3,10,164
131,54,137
42,218,237
42,117,101
156,164,74
68,173,174
173,161,83
39,244,52
221,213,159
141,233,114
98,81,4
37,58,52
131,38,235
242,154,129
245,3,100
215,121,95
227,86,206
178,13,228
22,31,85
168,117,66
40,226,195
203,159,255
74,195,236
133,220,148
177,38,85
70,252,145
212,121,239
181,188,140
95,25,71
217,27,58
169,210,193
4,197,46
103,39,199
87,121,251
130,0,227
229,63,163
135,47,254
31,208,18
146,92,166
116,18,52
241,140,29
77,175,194
69,98,6
40,168,9
236,133,198
182,20,138
160,238,192
38,83,85
48,54,219
87,245,73
22,221,178
72,22,53
235,123,103
125,231,77
110,188,55
196,30,13
83,211,196
48,217,233
4,252,105
149,39,78
132,199,136
115,120,116
129,35,99
250,43,180
69,172,251
187,243,55
249,84,185
72,1,126
222,240,236
249,183,240
228,22,218
238,47,125
230,128,38
200,101,8
74,115,85
75,131,11
193,212,66
255,62,166
116,235,40
104,105,160
30,40,167
171,165,26
192,234,62
32,121,79
215,56,37
112,41,161
109,118,25
54,233,63
92,196,37
76,148,160
24,244,23
228,223,190
209,255,220
220,103,151
202,77,83
44,167,2
60,195,184
166,51,132
131,26,68
90,132,184
33,33,184
225,131,132
219,28,23
176,139,117
222,70,238
152,97,89
51,3,84
143,227,107
134,152,212
237,140,95
128,197,241
237,160,125
35,178,18
34,172,249
192,109,25
4,205,14
145,89,32
196,195,25
209,18,106
225,90,134
96,254,162
105,236,93
23,205,12
192,41,248
245,199,83
117,107,81
226,224,108
185,69,29
46,105,243
26,197,45
83,67,110
197,105,180
115,116,17
140,94,129
226,95,120
4,194,11
19,176,5
104,212,206
46,43,79
87,6,212
186,71,92
161,130,155
3,143,104
207,253,44
205,28,156
93,128,16
51,59,100
35,16,245
185,253,139
40,163,81
60,86,131
179,21,122
23,248,203
233,220,69
243,249,202
210,125,53
213,203,224
73,247,63
150,242,2
232,175,162
246,247,99
182,145,184
39,3,232
236,167,85
28,2,158
140,208,200
118,37,96
226,50,52
211,9,163
71,172,35
147,37,30
228,135,73
71,42,161
53,27,46
246,203,198
41,82,117
152,214,216
244,28,184
114,223,70
57,161,6
96,209,200
97,94,41
196,233,204
133,145,88
71,130,238
132,210,163
168,247,186
29,128,122
50,168,72
72,242,239
72,192,12
213,116,197
31,246,88
43,174,251
225,103,171
159,157,200
63,22,41
217,230,159
251,68,215
77,232,211
231,212,209
94,44,121
233,11,221
236,29,99
224,105,21
113,229,28
35,149,182
74,72,146
73,67,182
69,172,234
133,120,23
187,82,202
108,12,21
208,157,24
127,196,222
239,212,3
204,112,26
146,22,253
187,209,49
185,147,84
24,92,155
232,68,223
228,133,195
227,157,117
135,130,12
121,218,201
209,203,102
144,106,3
203,29,45
83,149,58
197,132,106
96,219,62
238,66,93
210,118,163
18,28,9
49,14,224
181,71,127
140,39,168
135,137,247
55,16,54
210,19,120
60,189,67
64,195,135
30,190,245
159,167,138
69,170,8
172,88,9
7,72,253
74,34,202
94,131,93
139,13,20
34,212,64
161,142,152
183,103,0
227,133,148
78,86,85
74,88,86
227,90,189
188,42,151
155,88,35
252,34,252
37,31,13
108,228,55
27,245,186
213,182,50
22,182,184
199,217,194
23,110,191
63,150,6
150,163,96
135,216,72
103,240,111
218,33,71
135,112,200
160,92,201
153,43,254
221,76,145
134,236,22
38,160,58
54,195,41
31,36,4
11,3,162
158,20,145
80,121,170
121,122,187
73,6,95
181,57,162
58,0,6
50,50,153
19,68,219
76,212,245
171,18,236
220,200,36
83,29,23
72,175,57
71,75,121
7,33,86
36,42,120
225,147,147
154,122,139
111,173,110
192,158,43
236,176,152
168,196,188
1,106,65
131,183,86
47,22,175
16,241,62
66,115,121
68,18,33
152,215,45
74,244,221
52,221,85
190,125,117
144,251,59
238,84,45
52,178,85
106,229,20
248,192,51
190,217,79
219,173,174
125,163,251
157,101,16
20,197,241
152,39,179
183,65,65
44,229,137
254,245,6
89,196,114
212,159,229
183,132,186
224,102,244
45,249,60
46,225,23
26,234,244
225,85,85
5,119,110
231,99,129
59,49,173
245,226,96
114,166,174
188,206,211
74,63,120
116,29,174
155,206,100
225,145,97
243,87,144
240,180,175
238,123,206
119,167,190
157,131,111
28,126,52
73,241,100
254,27,3
91,86,37
104,253,112
202,37,83
99,79,60
136,76,30
186,86,240
71,158,117
93,28,14
235,94,128
202,26,157
2,127,93
235,57,17
204,190,227
42,154,239
78,172,76
205,170,247
64,211,0
61,195,204
154,89,208
179,27,128
161,224,132
95,168,166
127,16,86
29,91,156
53,186,211
240,125,55
111,6,68
122,14,212
157,132,131
40,154,158
216,144,112
139,99,29
154,247,213
226,117,177
48,165,209
50,201,9
208,90,182
34,90,201
50,137,115
204,113,11
181,92,232
21,23,35
162,98,103
16,218,19
193,201,6
198,144,246
232,31,111
155,150,105
229,190,36
30,170,128
80,62,175
44,96,35
34,117,179
140,61,225
133,66,134
206,139,20
225,194,150
155,238,38
115,172,245
92,231,160
200,202,4
219,121,224
90,252,130
204,186,246
248,227,224
49,156,213
190,116,231
10,60,159
135,41,42
122,30,108
227,132,169
237,20,207
85,211,111
159,158,201
162,130,161
154,159,134
74,31,64
119,118,250
212,38,31
248,98,246
132,238,11
139,121,80
237,44,79
59,82,237
143,233,243
155,0,70
254,130,8
74,161,179
136,57,43
172,170,16
105,90,123
209,144,224
156,66,131
179,78,241
120,88,137
120,132,101
200,245,30
1,191,251
153,156,110
68,159,201
30,240,117
118,10,72
212,59,100
103,62,85
46,115,156
230,59,230
180,183,110
30,147,108
77,183,67
47,82,217
40,96,25
81,58,31
243,16,109
163,141,97
175,72,236
87,172,206
95,160,208
97,217,76
210,180,82
9,195,50
115,226,229
41,105,49
252,96,141
90,224,230
21,183,168
246,122,71
93,125,118
155,156,105
155,145,229
111,104,120
119,255,60
23,41,160
188,36,119
8,202,188
68,72,224
201,234,52
173,252,140
122,1,17
202,98,192
169,166,51
86,29,216
127,101,4
139,141,191
222,72,130
23,209,68
185,96,202
169,121,221
146,57,68
33,103,41
115,252,143
234,17,175
102,237,153
130,164,150
106,33,153
174,242,208
108,114,8
161,26,238
81,23,36
196,253,226
8,88,5
150,135,129
73,146,161
140,57,51
36,112,73
197,12,71
247,234,56
203,216,224
141,10,55
101,242,7
255,52,162
236,136,156
43,42,189
230,43,5
62,230,180
203,1,170
26,117,229
84,120,202
175,204,138
199,57,126
63,18,69
211,162,74
38,244,86
232,188,198
107,131,204
128,31,47
195,45,90
2,140,109
239,71,233
49,47,246
29,71,229
59,115,83
150,120,236
200,201,41
6,119,36
143,27,18
228,190,70
228,205,94
134,207,19
151,204,221
149,243,95
190,149,46
151,103,171
213,108,183
36,191,20
125,51,128
0,221,221
37,161,71
7,216,74
84,139,180
64,154,14
112,174,125
238,151,108
146,57,117
231,8,79
120,149,187
115,98,164
187,143,203
211,84,202
110,63,96
137,12,73
147,219,194
116,84,190
94,165,115
129,161,249
127,142,88
254,31,249
63,200,133
236,214,6
168,200,230
136,59,134
183,71,2
138,148,8
143,75,77
96,68,199
197,176,104
83,191,220
235,135,210
148,253,122
183,251,2
239,235,28
111,189,116
84,53,14
182,66,226
152,208,231
147,96,30
162,226,126
132,165,195
66,54,97
70,44,46
6,134,108
18,236,6
205,103,197
11,65,76
39,33,155
245,41,244
181,64,174
242,161,113
175,235,167
137,185,192
53,71,161
146,0,27
248,139,87
163,94,207
110,72,96
59,194,198
54,249,51
10,37,135
1,220,26
23,248,155
97,168,248
170,150,22
215,178,18
59,204,124
220,82,205
109,27,78
112,33,10
161,128,120
145,91,201
233,134,28
147,185,187
95,160,50
128,252,221
216,95,151
158,1,211
186,87,121
129,92,111
220,251,232
150,235,67
187,81,180
177,207,187
59,168,251
88,235,134
48,115,109
103,253,42
7,238,55
51,144,108
177,177,35
25,227,79
76,89,122
119,105,141
16,115,161
10,138,54
70,57,133
75,129,191
53,179,142
120,245,239
41,105,82
222,176,21
45,170,222
139,193,216
249,235,129
88,125,203
19,62,161
205,172,207
122,68,149
15,75,148
160,211,134
105,70,184
28,134,27
165,86,94
94,73,87
230,173,75
116,109,22
251,208,91
212,204,7
188,196,146
185,28,70
79,85,45
40,72,72
222,254,160
204,8,171
121,44,26
5,47,113
183,20,246
187,236,17
213,209,69
22,253,181
59,251,152
65,72,119
131,237,125
91,4,7
68,140,107
145,195,74
146,143,232
68,240,197
160,199,46
206,204,222
188,188,140
100,185,36
230,116,184
20,205,145
255,54,2
163,158,190
208,140,191
232,108,225
218,225,34
90,10,73
45,113,44
69,109,107
80,128,170
105,205,51
109,16,215
167,247,238
251,42,21
72,8,61
115,161,198
70,114,234
134,223,212
212,97,55
117,209,65
101,198,49
111,46,92
9,201,225
93,176,79
94,65,95
225,6,133
5,241,50
108,34,203
251,245,81
237,4,76
60,67,154
46,187,252
189,23,130
101,240,18
140,33,21
192,138,113
1,38,245
66,141,103
168,12,111
21,82,182
145,43,106
122,149,102
229,16,122
108,128,127
225,167,122
46,124,64
225,94,13
27,8,90
204,121,63
146,231,132
234,224,238
147,245,75
72,137,169
125,53,111
180,34,59
163,43,123
235,48,124
174,233,134
25,67,11
35,72,222
115,199,19
119,233,161
171,238,74
113,26,4
155,11,96
120,182,233
98,245,216
209,103,253
172,164,201
249,203,168
162,161,100
142,32,140
240,186,84
166,193,84
16,202,242
7,88,187
100,230,43
142,90,0
31,145,11
66,219,166
68,2,199
219,248,21
58,80,8
19,53,22
153,125,217
175,51,229
55,37,61
122,63,248
179,1,144
223,123,121
228,181,151
193,87,86
18,244,17
123,70,212
118,145,185
221,246,114
167,43,6
83,178,87
245,74,5
99,61,250
62,49,183
63,167,0
245,122,207
227,99,45
28,255,47
197,201,86
166,240,4
181,27,116
59,184,141
78,117,199
53,249,249
43,69,84
169,243,18
138,39,223
182,82,62
69,106,93
160,209,229
102,143,2
103,41,14
53,207,198
101,35,148
91,252,11
155,38,165
196,117,229
224,155,158
139,9,139
200,183,68
201,15,244
156,167,117
131,171,88
125,216,131
37,61,98
215,160,162
73,189,91
16,140,78
91,233,78
32,68,212
216,198,58
59,93,16
10,79,161
251,72,106
197,244,94
25,239,201
119,208,54
218,41,111
8,104,186
171,237,35
130,215,128
223,125,62
21,44,198
212,17,81
148,76,217
211,150,29
185,222,85
100,95,198
160,88,40
130,125,106
210,150,77
192,12,4
182,159,84
129,68,220
174,126,197
129,163,170
170,113,51
135,242,174
75,27,17
42,57,14
33,96,171
82,239,81
113,22,44
66,110,119
139,104,44
221,148,53
137,132,211
90,20,98
191,108,249
231,147,11
132,22,65
219,45,59
235,142,161
5,113,159
223,186,199
220,163,187
94,36,155
139,236,39
109,42,51
150,166,60
244,195,219
86,29,251
231,28,237
28,119,224
26,21,28
58,79,167
82,178,51
76,33,89
83,63,35
25,234,213
125,215,160
226,154,60
240,89,133
15,24,123
47,122,0
89,219,192
125,209,152
143,250,171
196,246,218
192,97,28
37,121,230
180,2,151
205,146,70
254,99,19
186,29,143
39,203,44
188,121,87
138,88,44
168,9,18
129,227,251
141,160,226
149,253,213
83,109,90
66,127,37
170,107,251
97,145,196
209,119,207
231,84,31
1,151,93
57,106,148
11,218,205
79,53,253
119,137,104
90,1,116
132,184,43
250,43,74
49,214,229
139,194,56
115,150,30
55,201,191
146,33,104
58,57,254
74,83,164
59,205,242
185,165,173
29,31,82
92,46,48
152,53,88
166,10,146
8,161,91
12,198,45
146,52,180
51,211,43
124,153,138
11,210,18
221,39,109
107,102,13
178,211,248
95,67,222
230,99,6
134,199,97
234,197,55
241,2,27
192,93,107
35,47,67
22,243,136
157,2,21
1,202,2
23,210,119
212,222,232
109,83,62
212,236,108
122,4,117
103,200,142
209,69,159
232,64,246
113,219,214
137,27,72
82,62,41
198,248,87
217,241,101
151,65,195
96,211,241
166,127,64
43,181,0
197,237,242
73,59,24
188,155,12
126,82,97
54,40,176
217,37,13
217,196,215
99,76,24
24,20,240
156,34,61
32,245,69
182,17,252
173,23,90
240,163,242
170,224,28
168,239,180
225,162,136
32,203,146
84,219,197
89,178,122
167,23,161
79,56,156
82,159,31
82,73,44
144,203,161
206,165,77
10,86,91
211,94,80
183,230,137
245,101,81
241,77,189
244,204,78
119,40,62
215,195,102
7,182,93
142,23,46
79,19,185
121,2,1
97,103,255
73,65,12
6,107,200
112,142,47
199,227,154
181,30,184
222,180,164
52,156,135
92,54,54
170,25,131
16,96,134
248,130,63
130,174,91
83,55,176
172,52,170
118,189,189
136,119,24
157,116,177
38,120,199
82,66,26
210,247,145
198,85,156
3,145,53
228,161,152
250,159,125
158,1,164
24,107,212
224,188,229
50,144,106
255,25,160
226,192,104
222,115,249
91,183,8
207,206,42
132,157,3
246,155,0
132,103,116
230,252,15
63,83,202
61,96,239
130,8,166
34,131,183
21,188,122
164,143,226
186,96,10
238,53,101
115,31,82
46,151,252
130,253,125
190,239,24
253,108,220
246,230,203
173,207,45
46,213,123
251,44,23
128,15,248
76,63,127
69,64,228
55,14,15
24,252,188
130,217,34
180,208,117
14,216,230
30,47,66
241,190,3
169,134,162
68,17,78
44,9,209
249,206,75
25,228,170
39,193,223
183,97,112
211,222,137
238,116,151
73,99,207
12,204,52
84,209,134
181,112,246
93,104,212
182,57,12
120,233,97
32,101,170
173,202,4
184,242,126
164,54,69
137,89,106
143,54,229
11,64,17
23,2,61
113,199,103
236,172,128
107,127,147
26,8,150
250,169,92
61,111,42
223,235,23
242,141,168
184,89,106
112,229,144
249,240,118
187,228,176
192,107,183
184,247,165
251,86,203
70,159,246
222,146,186
46,208,160
12,210,43
104,35,44
17,217,230
238,187,34
127,136,236
59,92,253
7,72,137
145,175,227
57,8,178
180,5,79
53,130,39
68,182,143
26,91,158
82,210,74
210,213,182
27,136,183
227,219,243
26,204,243
12,180,205
20,179,156
165,200,215
228,10,166
151,144,38
68,53,86
222,111,183
5,126,179
18,113,205
165,153,195
207,19,199
215,115,45
251,181,48
110,217,249
4,168,76
27,136,50
159,218,80
193,168,9
22,55,48
137,17,11
177,56,129
44,71,212
175,67,28
211,156,104
97,91,96
186,243,251
98,126,97
248,109,186
138,233,94
20,157,146
187,182,177
85,123,158
233,153,208
141,140,248
124,223,139
63,215,24
104,141,21
197,98,133
145,93,40
111,176,138
142,177,227
196,31,202
254,120,20
36,167,84
64,138,141
110,252,208
11,184,95
24,177,153
133,175,118
57,220,83
29,157,224
145,127,25
86,66,59
160,137,168
214,200,47
193,134,186
70,1,211
165,243,252
142,194,105
52,224,152
180,252,122
77,122,86
126,120,183
51,79,239
24,112,208
244,12,237
131,4,241
144,245,62
26,74,55
138,104,101
215,205,119
37,30,95
190,12,47
137,241,102
204,205,152
73,243,213
252,100,123
31,152,238
178,112,42
5,52,142
220,88,130
212,233,107
190,3,214
185,27,113
83,118,60
24,117,251
1,223,87
210,167,180
72,123,42
79,77,45
64,226,246
149,200,176
216,55,47
45,166,115
131,34,173
84,105,250
140,37,170
19,140,58
167,81,189
84,57,25
25,103,157
45,79,110
56,107,24
237,2,253
171,134,14
34,177,143
226,133,123
17,118,192
25,105,240
187,208,94
208,11,145
235,198,117
186,231,100
40,153,87
84,70,220
138,152,131
159,103,156
80,210,105
123,109,82
160,5,182
46,17,52
105,153,8
1,19,70
85,123,217
91,74,228
176,50,215
249,117,138
193,6,215
30,144,41
228,174,161
139,7,0
51,5,212
24,208,207
102,58,206
74,251,235
222,41,195
106,144,59
103,104,144
251,254,138
145,244,173
78,64,24
222,200,204
84,132,248
187,216,152
228,184,74
245,228,33
209,17,183
0,80,129
158,207,225
234,88,255
152,213,205
204,118,65
11,40,52
174,167,153
35,39,47
116,146,238
230,109,237
96,143,196
0,4,252
109,138,233
220,238,26
16,146,115
137,121,115
51,236,149
212,27,214
88,42,95
225,174,14
200,139,129
241,177,210
136,3,124
85,31,197
98,143,82
252,8,238
54,171,122
50,93,169
107,31,23
94,31,83
182,83,34
165,162,239
212,13,4
220,255,215
96,117,233
52,161,105
205,234,168
176,102,30
135,101,234
20,107,33
251,44,163
217,158,158
92,177,136
103,207,190
100,21,135
111,12,16
212,128,207
127,28,255
230,165,15
17,145,201
158,139,94
171,198,19
128,109,163
172,40,192
161,250,213
63,139,107
251,207,53
96,69,21
26,238,18
234,216,220
